247 0.003 1 
0.0508011 -0.4011642 -0.2195576 0.02231875 0.00485553 0.00027924
+0.0655112 -0.6589741 -0.3006194 +0.02000833 +0.00305477 -0.00034178
-0.6349052 +0.6910548 +0.2995998 -0.01343443 -0.01023223 -0.00443607
-0.8326456 -1.1782356 -0.5179253 +0.01227603 -0.00570021 -0.00294625
-5.385202 -0.840171 -0.229015 +0.001099944 -0.006518169 -0.002820667
-3.743402 +7.568504 +3.287166 -0.005379637 -0.002232371 -0.000690547
+18.38175 -7.568504 -3.43875 +0.001544588 +0.003135267 +0.001351424 
+21.25332 -19.49023 -8.50658 +0.002199232 +0.002084787 +0.000798469
-4.11218 -29.56880 -7.98970 +0.003169840 -0.000584314 -0.001138225
