0.091560 -0.392297 -0.219048 7.966223 2.568330 0.545832 
0.131391 -0.379455 -0.216318 7.699994 3.337195 0.984144 
0.169891 -0.362769 -0.211398 7.355755 4.072252 1.412486 
0.206670 -0.342408 -0.204335 6.936994 4.766051 1.826518 
0.241355 -0.318578 -0.195203 6.447952 5.411565 2.222044 
0.273594 -0.291520 -0.184093 5.893586 6.002253 2.595059 
0.303062 -0.261509 -0.171117 5.279510 6.532131 2.941783 
0.329460 -0.228848 -0.156408 4.611947 6.995831 3.258703 
0.352520 -0.193869 -0.140115 3.897659 7.388656 3.542609 
0.372008 -0.156926 -0.122402 3.143883 7.706624 3.790623 
0.387727 -0.118393 -0.103449 2.358256 7.946515 4.000235 
0.399519 -0.078660 -0.083447 1.548737 8.105899 4.169319 
0.407262 -0.038130 -0.062601 0.723528 8.183160 4.296163 
0.410880 0.002785 -0.041120 -0.109011 8.177516 4.379482 
0.410335 0.043673 -0.019223 -0.940447 8.089025 4.418432 
0.405633 0.084118 0.002870 -1.762354 7.918582 4.412617 
0.396821 0.123711 0.024933 -2.566406 7.667914 4.362098 
0.383989 0.162051 0.046743 -3.344458 7.339562 4.267385 
0.367267 0.198748 0.068080 -4.088627 6.936851 4.129439 
0.346823 0.233433 0.088727 -4.791373 6.463862 3.949657 
0.322867 0.265752 0.108475 -5.445576 5.925386 3.729860 
0.295639 0.295379 0.127125 -6.044610 5.326879 3.472275 
0.265416 0.322013 0.144486 -6.582405 4.674404 3.179512 
0.232504 0.345385 0.160384 -7.053512 3.974572 2.854537 
0.197236 0.365258 0.174656 -7.453158 3.234473 2.500642 
0.159970 0.381430 0.187160 -7.777296 2.461605 2.121413 
0.121084 0.393738 0.197767 -8.022640 1.663799 1.720691 
0.080971 0.402057 0.206370 -8.186706 0.849135 1.302536 
0.040037 0.406303 0.212883 -8.267830 0.025870 0.871185 
-0.001302 0.406432 0.217239 -8.265192 -0.797658 0.431009 
-0.042628 0.402444 0.219394 -8.178817 -1.613105 -0.013535 
-0.083522 0.394379 0.219326 -8.009582 -2.412209 -0.457941 
-0.123570 0.382318 0.217036 -7.759200 -3.186875 -0.897708 
-0.162366 0.366383 0.212548 -7.430208 -3.929253 -1.328380 
-0.199517 0.346737 0.205906 -7.025939 -4.631824 -1.745594 
-0.234647 0.323578 0.197178 -6.550490 -5.287469 -2.145123 
-0.267399 0.297141 0.186452 -6.008676 -5.889546 -2.522920 
-0.297443 0.267693 0.173838 -5.405987 -6.431955 -2.875156 
-0.324473 0.235533 0.159462 -4.748529 -6.909200 -3.198264 
-0.348215 0.200987 0.143471 -4.042963 -7.316447 -3.488969 
-0.368430 0.164405 0.126026 -3.296437 -7.649570 -3.744327 
-0.384912 0.126157 0.107304 -2.516515 -7.905193 -3.961751 
-0.397495 0.086631 0.087495 -1.711097 -8.080728 -4.139037 
-0.406050 0.046227 0.066800 -0.888343 -8.174396 -4.274390 
-0.410492 0.005355 0.045428 -0.056590 -8.185247 -4.366439 
-0.410775 -0.035571 0.023596 0.775737 -8.113172 -4.414250 
-0.406896 -0.076137 0.001525 1.600205 -7.958901 -4.417340 
-0.398895 -0.115931 -0.020562 2.408460 -7.723997 -4.375677 
-0.386853 -0.154551 -0.042440 3.192315 -7.410840 -4.289683 
-0.370891 -0.191605 -0.063889 3.943828 -7.022602 -4.160229 
-0.351172 -0.226718 -0.084690 4.655386 -6.563217 -3.988628 
-0.327895 -0.259535 -0.104633 5.319779 -6.037339 -3.776617 
-0.301296 -0.289721 -0.123516 5.930276 -5.450296 -3.526345 
-0.271645 -0.316973 -0.141148 6.480693 -4.808034 -3.240346 
-0.239242 -0.341013 -0.157349 6.965453 -4.117062 -2.921519 
-0.204414 -0.361598 -0.171957 7.379644 -3.384379 -2.573094 
-0.167516 -0.378520 -0.184823 7.719071 -2.617408 -2.198600 
-0.128921 -0.391607 -0.195816 7.980295 -1.823920 -1.801831 
-0.089019 -0.400727 -0.204825 8.160669 -1.011953 -1.386808 
-0.048216 -0.405786 -0.211759 8.258365 -0.189734 -0.957735 
-0.006924 -0.406735 -0.216547 8.272395 0.634407 -0.518959 
0.034438 -0.403563 -0.219142 8.202616 1.452121 -0.074926 
0.075451 -0.396303 -0.219517 8.049734 2.255123 0.369867 
0.115700 -0.385027 -0.217667 7.815299 3.035278 0.810913 
0.154776 -0.369850 -0.213613 7.501686 3.784683 1.243743 
0.192285 -0.350927 -0.207394 7.112072 4.495743 1.663972 
0.227845 -0.328448 -0.199074 6.650405 5.161257 2.067344 
0.261097 -0.302642 -0.188738 6.121361 5.774481 2.449771 
0.291704 -0.273770 -0.176489 5.530300 6.329203 2.807378 
0.319355 -0.242124 -0.162452 4.883211 6.819803 3.136544 
0.343771 -0.208025 -0.146769 4.186649 7.241310 3.433933 
0.364705 -0.171818 -0.129599 3.447672 7.589454 3.696532 
0.381943 -0.133871 -0.111117 2.673765 7.860707 3.921681 
0.395312 -0.094567 -0.091508 1.872771 8.052323 4.107098 
0.404676 -0.054306 -0.070973 1.052803 8.162359 4.250906 
0.409940 -0.013494 -0.049718 0.222168 8.189701 4.351648 
0.411051 0.027455 -0.027960 -0.610717 8.134071 4.408301 
0.407997 0.068125 -0.005919 -1.437415 7.996034 4.420294 
0.400810 0.108105 0.016183 -2.249550 7.776988 4.387504 
0.389562 0.146990 0.038120 -3.038894 7.479151 4.310263 
0.374368 0.184386 0.059672 -3.797451 7.105542 4.189354 
0.355380 0.219914 0.080618 -4.517536 6.659945 4.026002 
0.332793 0.253213 0.100748 -5.191852 6.146876 3.821862 
0.306833 0.283948 0.119858 -5.813569 5.571531 3.579002 
0.277766 0.311805 0.137753 -6.376387 4.939740 3.299883 
0.245884 0.336504 0.154252 -6.874605 4.257903 2.987331 
0.211511 0.357794 0.169189 -7.303176 3.532929 2.644515 
0.174995 0.375458 0.182411 -7.657756 2.772163 2.274907 
0.136706 0.389319 0.193786 -7.934755 1.983311 1.882251 
0.097032 0.399236 0.203197 -8.131365 1.174366 1.470525 
0.056375 0.405107 0.210550 -8.245595 0.353523 1.043902 
0.015147 0.406875 0.215769 -8.276287 -0.470902 0.606702 
-0.026234 0.404520 0.218803 -8.223130 -1.290556 0.163356 
-0.067350 0.398068 0.219620 -8.086664 -2.097134 -0.281645 
-0.107783 0.387582 0.218211 -7.868270 -2.882467 -0.723792 
-0.147124 0.373170 0.214592 -7.570162 -3.638597 -1.158607 
-0.184975 0.354977 0.208799 -7.195358 -4.357863 -1.581684 
-0.220952 0.333187 0.200891 -6.747658 -5.032979 -1.988736 
-0.254690 0.308022 0.190947 -6.231595 -5.657105 -2.375641 
-0.285848 0.279737 0.179069 -5.652399 -6.223918 -2.738477 
-0.314110 0.248617 0.165377 -5.015938 -6.727676 -3.073569 
