0.091560 -0.392297 -0.219048 7.966223 2.568330 0.545832 
0.131391 -0.379455 -0.216318 7.699994 3.337195 0.984144 
0.169891 -0.362769 -0.211398 7.355755 4.072252 1.412486 
0.206670 -0.342408 -0.204335 6.936994 4.766051 1.826518 
0.241355 -0.318578 -0.195203 6.447952 5.411565 2.222044 
0.273594 -0.291520 -0.184093 5.893586 6.002253 2.595059 
0.303062 -0.261509 -0.171117 5.279510 6.532131 2.941783 
0.329460 -0.228848 -0.156408 4.611947 6.995831 3.258703 
0.352520 -0.193869 -0.140115 3.897659 7.388656 3.542609 
0.372008 -0.156926 -0.122402 3.143883 7.706624 3.790623 
0.387727 -0.118393 -0.103449 2.358256 7.946515 4.000235 
0.399519 -0.078660 -0.083447 1.548737 8.105899 4.169319 
0.407262 -0.038130 -0.062601 0.723528 8.183160 4.296163 
0.410880 0.002785 -0.041120 -0.109011 8.177516 4.379482 
0.410335 0.043673 -0.019223 -0.940447 8.089025 4.418432 
0.405633 0.084118 0.002870 -1.762354 7.918582 4.412617 
0.396821 0.123711 0.024933 -2.566406 7.667914 4.362098 
0.383989 0.162051 0.046743 -3.344458 7.339562 4.267385 
0.367267 0.198748 0.068080 -4.088627 6.936851 4.129439 
0.346823 0.233433 0.088727 -4.791373 6.463862 3.949657 
0.322867 0.265752 0.108475 -5.445576 5.925386 3.729860 
0.295639 0.295379 0.127125 -6.044610 5.326879 3.472275 
0.265416 0.322013 0.144486 -6.582405 4.674404 3.179512 
0.232504 0.345385 0.160384 -7.053512 3.974572 2.854537 
0.197236 0.365258 0.174656 -7.453158 3.234473 2.500642 
0.159970 0.381430 0.187160 -7.777296 2.461605 2.121413 
0.121084 0.393738 0.197767 -8.022640 1.663799 1.720691 
0.080971 0.402057 0.206370 -8.186706 0.849135 1.302536 
0.040037 0.406303 0.212883 -8.267830 0.025870 0.871185 
-0.001302 0.406432 0.217239 -8.265192 -0.797658 0.431009 
-0.042628 0.402444 0.219394 -8.178817 -1.613105 -0.013535 
-0.083522 0.394379 0.219326 -8.009582 -2.412209 -0.457941 
-0.123570 0.382318 0.217036 -7.759200 -3.186875 -0.897708 
-0.162366 0.366383 0.212548 -7.430208 -3.929253 -1.328380 
-0.199517 0.346737 0.205906 -7.025939 -4.631824 -1.745594 
-0.234647 0.323578 0.197178 -6.550490 -5.287469 -2.145123 
-0.267399 0.297141 0.186452 -6.008676 -5.889546 -2.522920 
-0.297443 0.267693 0.173838 -5.405987 -6.431955 -2.875156 
-0.324473 0.235533 0.159462 -4.748529 -6.909200 -3.198264 
-0.348215 0.200987 0.143471 -4.042963 -7.316447 -3.488969 
-0.368430 0.164405 0.126026 -3.296437 -7.649570 -3.744327 
-0.384912 0.126157 0.107304 -2.516515 -7.905193 -3.961751 
-0.397495 0.086631 0.087495 -1.711097 -8.080728 -4.139037 
-0.406050 0.046227 0.066800 -0.888343 -8.174396 -4.274390 
-0.410492 0.005355 0.045428 -0.056590 -8.185247 -4.366439 
-0.410775 -0.035571 0.023596 0.775737 -8.113172 -4.414250 
-0.406896 -0.076137 0.001525 1.600205 -7.958901 -4.417340 
-0.398895 -0.115931 -0.020562 2.408460 -7.723997 -4.375677 
-0.386853 -0.154551 -0.042440 3.192315 -7.410840 -4.289683 
-0.370891 -0.191605 -0.063889 3.943828 -7.022602 -4.160229 
-0.351172 -0.226718 -0.084690 4.655386 -6.563217 -3.988628 
-0.327895 -0.259535 -0.104633 5.319779 -6.037339 -3.776617 
-0.301296 -0.289721 -0.123516 5.930276 -5.450296 -3.526345 
-0.271645 -0.316973 -0.141148 6.480693 -4.808034 -3.240346 
-0.239242 -0.341013 -0.157349 6.965453 -4.117062 -2.921519 
-0.204414 -0.361598 -0.171957 7.379644 -3.384379 -2.573094 
-0.167516 -0.378520 -0.184823 7.719071 -2.617408 -2.198600 
-0.128921 -0.391607 -0.195816 7.980295 -1.823920 -1.801831 
-0.089019 -0.400727 -0.204825 8.160669 -1.011953 -1.386808 
-0.048216 -0.405786 -0.211759 8.258365 -0.189734 -0.957735 
-0.006924 -0.406735 -0.216547 8.272395 0.634407 -0.518959 
0.034438 -0.403563 -0.219142 8.202616 1.452121 -0.074926 
0.075451 -0.396303 -0.219517 8.049734 2.255123 0.369867 
0.115700 -0.385027 -0.217667 7.815299 3.035278 0.810913 
0.154776 -0.369850 -0.213613 7.501686 3.784683 1.243743 
0.192285 -0.350927 -0.207394 7.112072 4.495743 1.663972 
0.227845 -0.328448 -0.199074 6.650405 5.161257 2.067344 
0.261097 -0.302642 -0.188738 6.121361 5.774481 2.449771 
0.291704 -0.273770 -0.176489 5.530300 6.329203 2.807378 
0.319355 -0.242124 -0.162452 4.883211 6.819803 3.136544 
0.343771 -0.208025 -0.146769 4.186649 7.241310 3.433933 
0.364705 -0.171818 -0.129599 3.447672 7.589454 3.696532 
0.381943 -0.133871 -0.111117 2.673765 7.860707 3.921681 
0.395312 -0.094567 -0.091508 1.872771 8.052323 4.107098 
0.404676 -0.054306 -0.070973 1.052803 8.162359 4.250906 
0.409940 -0.013494 -0.049718 0.222168 8.189701 4.351648 
0.411051 0.027455 -0.027960 -0.610717 8.134071 4.408301 
0.407997 0.068125 -0.005919 -1.437415 7.996034 4.420294 
0.400810 0.108105 0.016183 -2.249550 7.776988 4.387504 
0.389562 0.146990 0.038120 -3.038894 7.479151 4.310263 
0.374368 0.184386 0.059672 -3.797451 7.105542 4.189354 
0.355380 0.219914 0.080618 -4.517536 6.659945 4.026002 
0.332793 0.253213 0.100748 -5.191852 6.146876 3.821862 
0.306833 0.283948 0.119858 -5.813569 5.571531 3.579002 
0.277766 0.311805 0.137753 -6.376387 4.939740 3.299883 
0.245884 0.336504 0.154252 -6.874605 4.257903 2.987331 
0.211511 0.357794 0.169189 -7.303176 3.532929 2.644515 
0.174995 0.375458 0.182411 -7.657756 2.772163 2.274907 
0.136706 0.389319 0.193786 -7.934755 1.983311 1.882251 
0.097032 0.399236 0.203197 -8.131365 1.174366 1.470525 
0.056375 0.405107 0.210550 -8.245595 0.353523 1.043902 
0.015147 0.406875 0.215769 -8.276287 -0.470902 0.606702 
-0.026234 0.404520 0.218803 -8.223130 -1.290556 0.163356 
-0.067350 0.398068 0.219620 -8.086664 -2.097134 -0.281645 
-0.107783 0.387582 0.218211 -7.868270 -2.882467 -0.723792 
-0.147124 0.373170 0.214592 -7.570162 -3.638597 -1.158607 
-0.184975 0.354977 0.208799 -7.195358 -4.357863 -1.581684 
-0.220952 0.333187 0.200891 -6.747658 -5.032979 -1.988736 
-0.254690 0.308022 0.190947 -6.231595 -5.657105 -2.375641 
-0.285848 0.279737 0.179069 -5.652399 -6.223918 -2.738477 
-0.314110 0.248617 0.165377 -5.015938 -6.727676 -3.073569 



0.072819 -0.657858 -0.300744 7.300409 1.183248 -0.093966 
0.080119 -0.656675 -0.300838 7.292186 1.250645 -0.063090 
0.087412 -0.655424 -0.300901 7.283215 1.317913 -0.032208 
0.094695 -0.654107 -0.300933 7.273496 1.385046 -0.001322 
0.101968 -0.652722 -0.300935 7.263031 1.452036 0.029564 
0.109231 -0.651269 -0.300905 7.251820 1.518878 0.060446 
0.116483 -0.649751 -0.300845 7.239865 1.585564 0.091323 
0.123723 -0.648165 -0.300753 7.227167 1.652087 0.122190 
0.130950 -0.646513 -0.300631 7.213727 1.718440 0.153045 
0.138164 -0.644795 -0.300478 7.199547 1.784617 0.183884 
0.145364 -0.643010 -0.300294 7.184628 1.850611 0.214704 
0.152548 -0.641159 -0.300080 7.168971 1.916415 0.245502 
0.159717 -0.639243 -0.299834 7.152579 1.982022 0.276275 
0.166870 -0.637261 -0.299558 7.135453 2.047426 0.307019 
0.174005 -0.635213 -0.299251 7.117594 2.112620 0.337732 
0.181123 -0.633101 -0.298913 7.099005 2.177597 0.368410 
0.188222 -0.630923 -0.298545 7.079687 2.242350 0.399051 
0.195301 -0.628681 -0.298146 7.059643 2.306874 0.429650 
0.202361 -0.626374 -0.297716 7.038874 2.371160 0.460206 
0.209400 -0.624003 -0.297256 7.017383 2.435203 0.490714 
0.216417 -0.621568 -0.296765 6.995171 2.498997 0.521172 
0.223413 -0.619069 -0.296244 6.972242 2.562533 0.551576 
0.230385 -0.616506 -0.295692 6.948597 2.625807 0.581924 
0.237333 -0.613880 -0.295110 6.924238 2.688812 0.612212 
0.244258 -0.611191 -0.294498 6.899170 2.751540 0.642437 
0.251157 -0.608440 -0.293856 6.873393 2.813986 0.672596 
0.258030 -0.605626 -0.293183 6.846910 2.876143 0.702687 
0.264877 -0.602750 -0.292481 6.819725 2.938005 0.732705 
0.271697 -0.599812 -0.291748 6.791840 2.999565 0.762648 
0.278489 -0.596812 -0.290985 6.763258 3.060818 0.792512 
0.285252 -0.593751 -0.290193 6.733982 3.121756 0.822296 
0.291986 -0.590630 -0.289370 6.704014 3.182374 0.851994 
0.298690 -0.587447 -0.288518 6.673359 3.242666 0.881606 
0.305363 -0.584205 -0.287637 6.642019 3.302624 0.911127 
0.312005 -0.580902 -0.286726 6.609997 3.362244 0.940554 
0.318615 -0.577540 -0.285785 6.577296 3.421518 0.969885 
0.325193 -0.574118 -0.284815 6.543921 3.480442 0.999117 
0.331736 -0.570638 -0.283816 6.509874 3.539008 1.028246 
0.338246 -0.567099 -0.282788 6.475159 3.597211 1.057269 
0.344722 -0.563502 -0.281731 6.439779 3.655045 1.086184 
0.351161 -0.559847 -0.280644 6.403738 3.712503 1.114987 
0.357565 -0.556134 -0.279529 6.367040 3.769581 1.143676 
0.363932 -0.552364 -0.278386 6.329689 3.826272 1.172247 
0.370262 -0.548538 -0.277213 6.291688 3.882570 1.200699 
0.376553 -0.544656 -0.276013 6.253041 3.938469 1.229027 
0.382806 -0.540717 -0.274784 6.213753 3.993964 1.257228 
0.389020 -0.536723 -0.273526 6.173826 4.049050 1.285301 
0.395194 -0.532674 -0.272241 6.133267 4.103720 1.313242 
0.401327 -0.528570 -0.270928 6.092077 4.157968 1.341048 
0.407419 -0.524412 -0.269587 6.050263 4.211790 1.368717 
0.413470 -0.520201 -0.268218 6.007827 4.265180 1.396245 
0.419478 -0.515935 -0.266822 5.964775 4.318132 1.423629 
0.425442 -0.511617 -0.265398 5.921110 4.370641 1.450868 
0.431363 -0.507247 -0.263947 5.876838 4.422701 1.477958 
0.437240 -0.502824 -0.262469 5.831963 4.474307 1.504896 
0.443072 -0.498350 -0.260965 5.786489 4.525454 1.531679 
0.448859 -0.493824 -0.259433 5.740422 4.576137 1.558305 
0.454599 -0.489248 -0.257875 5.693765 4.626350 1.584772 
0.460293 -0.484622 -0.256290 5.646524 4.676088 1.611076 
0.465939 -0.479946 -0.254679 5.598703 4.725346 1.637214 
0.471538 -0.475220 -0.253042 5.550308 4.774119 1.663184 
0.477088 -0.470446 -0.251378 5.501343 4.822402 1.688984 
0.482590 -0.465624 -0.249689 5.451813 4.870191 1.714610 
0.488042 -0.460754 -0.247975 5.401724 4.917479 1.740061 
0.493443 -0.455836 -0.246235 5.351081 4.964263 1.765333 
0.498794 -0.450872 -0.244469 5.299888 5.010537 1.790423 
0.504094 -0.445861 -0.242679 5.248151 5.056297 1.815330 
0.509342 -0.440805 -0.240864 5.195876 5.101538 1.840050 
0.514538 -0.435703 -0.239024 5.143068 5.146256 1.864582 
0.519681 -0.430557 -0.237159 5.089731 5.190445 1.888922 
0.524771 -0.425367 -0.235270 5.035873 5.234102 1.913069 
0.529807 -0.420133 -0.233357 4.981497 5.277221 1.937019 
0.534788 -0.414855 -0.231420 4.926610 5.319799 1.960770 
0.539715 -0.409536 -0.229459 4.871218 5.361831 1.984320 
0.544586 -0.404174 -0.227475 4.815325 5.403312 2.007667 
0.549402 -0.398771 -0.225467 4.758939 5.444239 2.030807 
0.554161 -0.393326 -0.223436 4.702063 5.484607 2.053739 
0.558863 -0.387842 -0.221383 4.644706 5.524413 2.076460 
0.563507 -0.382317 -0.219306 4.586871 5.563651 2.098968 
0.568094 -0.376754 -0.217207 4.528566 5.602318 2.121261 
0.572623 -0.371151 -0.215086 4.469796 5.640411 2.143336 
0.577093 -0.365511 -0.212943 4.410568 5.677924 2.165191 
0.581503 -0.359833 -0.210777 4.350886 5.714855 2.186823 
0.585854 -0.354118 -0.208591 4.290759 5.751199 2.208231 
0.590145 -0.348367 -0.206382 4.230190 5.786953 2.229413 
0.594375 -0.342580 -0.204153 4.169188 5.822113 2.250366 
0.598544 -0.336758 -0.201903 4.107758 5.856675 2.271088 
0.602652 -0.330901 -0.199632 4.045906 5.890636 2.291576 
0.606698 -0.325011 -0.197340 3.983639 5.923993 2.311830 
0.610681 -0.319087 -0.195028 3.920963 5.956742 2.331846 
0.614602 -0.313130 -0.192696 3.857884 5.988879 2.351623 
0.618460 -0.307141 -0.190345 3.794410 6.020402 2.371159 
0.622255 -0.301121 -0.187974 3.730546 6.051307 2.390451 
0.625985 -0.295069 -0.185583 3.666300 6.081591 2.409498 
0.629652 -0.288988 -0.183174 3.601677 6.111250 2.428298 
0.633253 -0.282876 -0.180745 3.536684 6.140283 2.446848 
0.636790 -0.276736 -0.178298 3.471329 6.168685 2.465147 
0.640261 -0.270567 -0.175833 3.405617 6.196454 2.483194 
0.643667 -0.264371 -0.173350 3.339555 6.223587 2.500985 
0.647006 -0.258147 -0.170849 3.273151 6.250082 2.518520 
0.650280 -0.251897 -0.168331 3.206411 6.275934 2.535796 
0.653486 -0.245621 -0.165795 3.139342 6.301143 2.552812 
0.656625 -0.239320 -0.163242 3.071951 6.325705 2.569566 
0.659697 -0.232994 -0.160672 3.004244 6.349618 2.586056 
0.662702 -0.226645 -0.158086 2.936229 6.372879 2.602281 
0.665638 -0.220272 -0.155484 2.867913 6.395487 2.618239 
0.668506 -0.213876 -0.152866 2.799302 6.417437 2.633928 
0.671305 -0.207459 -0.150232 2.730404 6.438729 2.649347 
0.674035 -0.201020 -0.147583 2.661226 6.459361 2.664493 
0.676697 -0.194561 -0.144918 2.591775 6.479329 2.679367 
0.679288 -0.188082 -0.142239 2.522058 6.498632 2.693965 
0.681810 -0.181583 -0.139545 2.452081 6.517269 2.708287 
0.684262 -0.175066 -0.136836 2.381854 6.535236 2.722331 
0.686644 -0.168531 -0.134114 2.311381 6.552533 2.736095 
0.688956 -0.161978 -0.131378 2.240672 6.569157 2.749579 
0.691196 -0.155409 -0.128628 2.169732 6.585107 2.762781 
0.693366 -0.148824 -0.125866 2.098570 6.600382 2.775699 
0.695465 -0.142223 -0.123090 2.027193 6.614978 2.788332 
0.697492 -0.135608 -0.120302 1.955607 6.628896 2.800679 
0.699448 -0.128979 -0.117501 1.883821 6.642134 2.812738 
0.701331 -0.122337 -0.114688 1.811841 6.654690 2.824509 
0.703143 -0.115683 -0.111864 1.739676 6.666562 2.835990 
0.704883 -0.109016 -0.109028 1.667332 6.677751 2.847180 
0.706550 -0.102338 -0.106181 1.594816 6.688254 2.858077 
0.708145 -0.095650 -0.103322 1.522137 6.698071 2.868681 
0.709667 -0.088952 -0.100454 1.449302 6.707201 2.878991 
0.711116 -0.082245 -0.097575 1.376318 6.715642 2.889006 
0.712493 -0.075529 -0.094686 1.303193 6.723393 2.898724 
0.713796 -0.068806 -0.091787 1.229934 6.730455 2.908144 
0.715026 -0.062075 -0.088879 1.156549 6.736826 2.917266 
0.716182 -0.055338 -0.085962 1.083045 6.742506 2.926088 
0.717265 -0.048596 -0.083036 1.009430 6.747493 2.934610 
0.718275 -0.041848 -0.080101 0.935712 6.751788 2.942831 
0.719211 -0.035097 -0.077158 0.861897 6.755390 2.950750 
0.720073 -0.028341 -0.074207 0.787994 6.758299 2.958366 
0.720861 -0.021583 -0.071249 0.714010 6.760514 2.965679 
0.721575 -0.014822 -0.068283 0.639953 6.762035 2.972687 
0.722214 -0.008060 -0.065311 0.565830 6.762863 2.979390 
0.722780 -0.001298 -0.062331 0.491649 6.762996 2.985787 
0.723272 0.005465 -0.059345 0.417417 6.762435 2.991878 
0.723689 0.012228 -0.056354 0.343143 6.761180 2.997662 
0.724033 0.018989 -0.053356 0.268834 6.759231 3.003138 
0.724301 0.025748 -0.050353 0.194496 6.756588 3.008306 
0.724496 0.032505 -0.047344 0.120139 6.753252 3.013165 
0.724616 0.039258 -0.044331 0.045770 6.749223 3.017715 
0.724662 0.046007 -0.041314 -0.028604 6.744501 3.021955 
0.724633 0.052752 -0.038292 -0.102975 6.739087 3.025885 
0.724530 0.059491 -0.035266 -0.177336 6.732982 3.029504 
0.724353 0.066224 -0.032236 -0.251678 6.726185 3.032813 
0.724101 0.072950 -0.029203 -0.325995 6.718698 3.035810 
0.723775 0.079669 -0.026168 -0.400278 6.710521 3.038496 
0.723375 0.086379 -0.023129 -0.474520 6.701656 3.040869 
0.722900 0.093081 -0.020088 -0.548713 6.692103 3.042931 
0.722352 0.099773 -0.017045 -0.622850 6.681863 3.044681 
0.721729 0.106455 -0.014001 -0.696923 6.670937 3.046117 
0.721032 0.113126 -0.010955 -0.770925 6.659326 3.047242 
0.720261 0.119785 -0.007907 -0.844847 6.647032 3.048053 
0.719416 0.126432 -0.004859 -0.918683 6.634056 3.048552 
0.718497 0.133066 -0.001811 -0.992424 6.620399 3.048738 
0.717505 0.139687 0.001238 -1.066064 6.606063 3.048611 
0.716439 0.146293 0.004287 -1.139594 6.591049 3.048171 
0.715299 0.152884 0.007335 -1.213007 6.575358 3.047418 
0.714086 0.159459 0.010382 -1.286296 6.558992 3.046352 
0.712800 0.166018 0.013429 -1.359453 6.541953 3.044974 
0.711441 0.172560 0.016474 -1.432470 6.524243 3.043284 
0.710008 0.179084 0.019517 -1.505340 6.505863 3.041280 
0.708503 0.185590 0.022558 -1.578056 6.486815 3.038965 
0.706925 0.192077 0.025597 -1.650609 6.467102 3.036338 
0.705274 0.198544 0.028633 -1.722994 6.446724 3.033399 
0.703551 0.204991 0.031667 -1.795201 6.425686 3.030149 
0.701756 0.211417 0.034697 -1.867224 6.403987 3.026588 
0.699889 0.217821 0.037724 -1.939056 6.381632 3.022717 
0.697950 0.224202 0.040746 -2.010689 6.358621 3.018535 
0.695939 0.230561 0.043765 -2.082115 6.334958 3.014043 
0.693857 0.236896 0.046779 -2.153327 6.310645 3.009242 
0.691703 0.243206 0.049788 -2.224319 6.285684 3.004132 
0.689479 0.249492 0.052792 -2.295082 6.260078 2.998714 
0.687184 0.255752 0.055791 -2.365610 6.233829 2.992988 
0.684818 0.261986 0.058784 -2.435894 6.206941 2.986955 
0.682383 0.268193 0.061771 -2.505929 6.179416 2.980615 
0.679877 0.274372 0.064752 -2.575707 6.151256 2.973969 
0.677301 0.280524 0.067726 -2.645220 6.122465 2.967018 
0.674656 0.286646 0.070693 -2.714462 6.093046 2.959763 
0.671941 0.292739 0.073652 -2.783425 6.063001 2.952204 
0.669158 0.298802 0.076604 -2.852103 6.032334 2.944342 
0.666306 0.304834 0.079549 -2.920488 6.001048 2.936177 
0.663385 0.310835 0.082485 -2.988573 5.969146 2.927712 
0.660397 0.316805 0.085413 -3.056351 5.936632 2.918946 



-0.639812 0.687318 0.297980 -4.880396 -3.765624 -1.632545 
-0.644692 0.683552 0.296347 -4.853772 -3.793853 -1.644783 
-0.649546 0.679758 0.294702 -4.826947 -3.821925 -1.656953 
-0.654373 0.675936 0.293045 -4.799924 -3.849839 -1.669055 
-0.659173 0.672086 0.291376 -4.772702 -3.877594 -1.681088 
-0.663946 0.668209 0.289695 -4.745283 -3.905189 -1.693052 
-0.668691 0.664304 0.288002 -4.717668 -3.932623 -1.704945 
-0.673409 0.660371 0.286297 -4.689858 -3.959895 -1.716769 
-0.678099 0.656411 0.284580 -4.661855 -3.987003 -1.728521 
-0.682760 0.652424 0.282852 -4.633659 -4.013946 -1.740202 
-0.687394 0.648410 0.281112 -4.605271 -4.040723 -1.751811 
-0.691999 0.644369 0.279360 -4.576694 -4.067334 -1.763348 
-0.696576 0.640302 0.277596 -4.547927 -4.093776 -1.774812 
-0.701124 0.636208 0.275822 -4.518973 -4.120050 -1.786202 
-0.705643 0.632088 0.274035 -4.489832 -4.146153 -1.797519 
-0.710133 0.627942 0.272238 -4.460505 -4.172085 -1.808762 
-0.714593 0.623770 0.270429 -4.430995 -4.197845 -1.819930 
-0.719024 0.619572 0.268609 -4.401301 -4.223432 -1.831023 
-0.723426 0.615349 0.266778 -4.371426 -4.248844 -1.842040 
-0.727797 0.611100 0.264936 -4.341370 -4.274080 -1.852981 
-0.732138 0.606826 0.263083 -4.311135 -4.299141 -1.863845 
-0.736450 0.602527 0.261219 -4.280722 -4.324023 -1.874633 
-0.740730 0.598203 0.259345 -4.250132 -4.348727 -1.885343 
-0.744980 0.593854 0.257459 -4.219366 -4.373252 -1.895975 
-0.749200 0.589481 0.255563 -4.188426 -4.397595 -1.906529 
-0.753388 0.585083 0.253657 -4.157314 -4.421758 -1.917005 
-0.757545 0.580661 0.251740 -4.126029 -4.445737 -1.927401 
-0.761671 0.576216 0.249812 -4.094574 -4.469533 -1.937717 
-0.765766 0.571746 0.247875 -4.062951 -4.493145 -1.947954 
-0.769829 0.567253 0.245927 -4.031159 -4.516571 -1.958110 
-0.773860 0.562736 0.243969 -3.999201 -4.539810 -1.968185 
-0.777859 0.558196 0.242001 -3.967077 -4.562862 -1.978179 
-0.781826 0.553634 0.240022 -3.934790 -4.585725 -1.988091 
-0.785761 0.549048 0.238034 -3.902341 -4.608399 -1.997921 
-0.789664 0.544439 0.236036 -3.869730 -4.630883 -2.007669 
-0.793533 0.539809 0.234029 -3.836959 -4.653176 -2.017334 
-0.797370 0.535155 0.232011 -3.804030 -4.675276 -2.026915 
-0.801174 0.530480 0.229984 -3.770944 -4.697183 -2.036413 
-0.804945 0.525783 0.227948 -3.737702 -4.718896 -2.045826 
-0.808683 0.521064 0.225902 -3.704306 -4.740415 -2.055155 
-0.812387 0.516324 0.223847 -3.670757 -4.761738 -2.064400 
-0.816058 0.511562 0.221783 -3.637056 -4.782864 -2.073559 
-0.819695 0.506779 0.219709 -3.603205 -4.803792 -2.082632 
-0.823298 0.501975 0.217626 -3.569205 -4.824522 -2.091619 
-0.826867 0.497151 0.215535 -3.535058 -4.845053 -2.100520 
-0.830403 0.492306 0.213434 -3.500765 -4.865384 -2.109334 
-0.833903 0.487440 0.211325 -3.466327 -4.885514 -2.118062 
-0.837370 0.482555 0.209207 -3.431746 -4.905442 -2.126701 
-0.840801 0.477649 0.207080 -3.397023 -4.925167 -2.135253 
-0.844198 0.472724 0.204945 -3.362160 -4.944689 -2.143717 
-0.847561 0.467779 0.202801 -3.327159 -4.964007 -2.152092 
-0.850888 0.462815 0.200649 -3.292020 -4.983120 -2.160378 
-0.854180 0.457832 0.198489 -3.256744 -5.002027 -2.168575 
-0.857436 0.452830 0.196320 -3.221335 -5.020728 -2.176682 
-0.860658 0.447810 0.194143 -3.185792 -5.039221 -2.184700 
-0.863844 0.442770 0.191959 -3.150118 -5.057506 -2.192627 
-0.866994 0.437713 0.189766 -3.114314 -5.075583 -2.200464 
-0.870108 0.432637 0.187566 -3.078381 -5.093449 -2.208210 
-0.873186 0.427544 0.185357 -3.042321 -5.111105 -2.215865 
-0.876229 0.422433 0.183142 -3.006135 -5.128551 -2.223428 
-0.879235 0.417304 0.180918 -2.969825 -5.145784 -2.230899 
-0.882205 0.412158 0.178687 -2.933393 -5.162805 -2.238279 
-0.885138 0.406996 0.176449 -2.896839 -5.179613 -2.245565 
-0.888035 0.401816 0.174203 -2.860166 -5.196207 -2.252759 
-0.890895 0.396620 0.171951 -2.823375 -5.212586 -2.259861 
-0.893718 0.391407 0.169691 -2.786467 -5.228750 -2.266868 
-0.896505 0.386178 0.167424 -2.749444 -5.244698 -2.273782 
-0.899254 0.380934 0.165150 -2.712307 -5.260429 -2.280603 
-0.901967 0.375673 0.162870 -2.675058 -5.275944 -2.287329 
-0.904642 0.370397 0.160582 -2.637699 -5.291240 -2.293960 
-0.907279 0.365106 0.158288 -2.600231 -5.306318 -2.300497 
-0.909880 0.359800 0.155988 -2.562656 -5.321176 -2.306939 
-0.912442 0.354479 0.153681 -2.524975 -5.335815 -2.313285 
-0.914967 0.349143 0.151368 -2.487189 -5.350234 -2.319537 
-0.917455 0.343793 0.149048 -2.449301 -5.364431 -2.325692 
-0.919904 0.338428 0.146722 -2.411312 -5.378408 -2.331751 
-0.922315 0.333050 0.144391 -2.373223 -5.392162 -2.337714 
-0.924688 0.327658 0.142053 -2.335036 -5.405693 -2.343580 
-0.927023 0.322252 0.139709 -2.296753 -5.419001 -2.349350 
-0.929320 0.316833 0.137360 -2.258375 -5.432085 -2.355022 
-0.931579 0.311401 0.135005 -2.219903 -5.444945 -2.360598 
-0.933798 0.305956 0.132644 -2.181340 -5.457580 -2.366076 
-0.935980 0.300498 0.130278 -2.142687 -5.469990 -2.371456 
-0.938122 0.295028 0.127907 -2.103945 -5.482174 -2.376738 
-0.940226 0.289546 0.125530 -2.065116 -5.494131 -2.381922 
-0.942291 0.284052 0.123148 -2.026203 -5.505862 -2.387007 
-0.944318 0.278546 0.120761 -1.987205 -5.517365 -2.391995 
-0.946305 0.273029 0.118369 -1.948125 -5.528640 -2.396883 
-0.948253 0.267500 0.115972 -1.908965 -5.539687 -2.401672 
-0.950162 0.261960 0.113571 -1.869726 -5.550505 -2.406362 
-0.952032 0.256410 0.111164 -1.830410 -5.561094 -2.410953 
-0.953862 0.250849 0.108753 -1.791019 -5.571453 -2.415444 
-0.955653 0.245277 0.106338 -1.751553 -5.581583 -2.419836 
-0.957405 0.239696 0.103918 -1.712015 -5.591481 -2.424127 
-0.959117 0.234104 0.101494 -1.672406 -5.601149 -2.428319 
-0.960789 0.228503 0.099066 -1.632728 -5.610586 -2.432410 
-0.962422 0.222893 0.096633 -1.592983 -5.619791 -2.436400 
-0.964015 0.217273 0.094197 -1.553172 -5.628763 -2.440290 
-0.965568 0.211644 0.091756 -1.513297 -5.637504 -2.444080 
-0.967081 0.206007 0.089312 -1.473360 -5.646011 -2.447768 
-0.968555 0.200361 0.086865 -1.433361 -5.654285 -2.451355 
-0.969988 0.194706 0.084413 -1.393303 -5.662326 -2.454841 
-0.971381 0.189044 0.081958 -1.353188 -5.670133 -2.458226 
-0.972735 0.183374 0.079500 -1.313017 -5.677706 -2.461509 
-0.974048 0.177696 0.077039 -1.272792 -5.685044 -2.464691 
-0.975320 0.172011 0.074574 -1.232514 -5.692148 -2.467770 
-0.976553 0.166319 0.072106 -1.192185 -5.699016 -2.470748 
-0.977745 0.160620 0.069635 -1.151807 -5.705649 -2.473624 
-0.978897 0.154914 0.067162 -1.111382 -5.712047 -2.476397 
-0.980008 0.149202 0.064685 -1.070910 -5.718209 -2.479069 
-0.981079 0.143484 0.062206 -1.030394 -5.724134 -2.481638 
-0.982110 0.137760 0.059725 -0.989836 -5.729823 -2.484104 
-0.983099 0.132030 0.057241 -0.949237 -5.735275 -2.486468 
-0.984049 0.126295 0.054754 -0.908599 -5.740491 -2.488729 
-0.984957 0.120554 0.052265 -0.867923 -5.745470 -2.490888 
-0.985825 0.114809 0.049775 -0.827211 -5.750211 -2.492943 
-0.986652 0.109059 0.047282 -0.786465 -5.754715 -2.494896 
-0.987439 0.103304 0.044787 -0.745687 -5.758981 -2.496745 
-0.988184 0.097545 0.042290 -0.704878 -5.763009 -2.498492 
-0.988889 0.091782 0.039791 -0.664040 -5.766799 -2.500135 
-0.989553 0.086015 0.037291 -0.623174 -5.770352 -2.501675 
-0.990177 0.080245 0.034790 -0.582283 -5.773666 -2.503112 
-0.990759 0.074471 0.032287 -0.541367 -5.776741 -2.504445 
-0.991300 0.068694 0.029782 -0.500429 -5.779578 -2.505675 
-0.991801 0.062915 0.027276 -0.459471 -5.782176 -2.506801 
-0.992260 0.057133 0.024770 -0.418494 -5.784535 -2.507824 
-0.992679 0.051348 0.022262 -0.377499 -5.786656 -2.508744 
-0.993056 0.045561 0.019753 -0.336489 -5.788537 -2.509559 
-0.993393 0.039773 0.017243 -0.295464 -5.790180 -2.510271 
-0.993688 0.033983 0.014733 -0.254428 -5.791583 -2.510880 
-0.993942 0.028191 0.012222 -0.213381 -5.792748 -2.511385 
-0.994156 0.022398 0.009711 -0.172325 -5.793673 -2.511786 
-0.994328 0.016605 0.007199 -0.131262 -5.794358 -2.512083 
-0.994459 0.010810 0.004687 -0.090194 -5.794805 -2.512277 
-0.994550 0.005015 0.002175 -0.049122 -5.795012 -2.512366 
-0.994599 -0.000780 -0.000338 -0.008048 -5.794980 -2.512352 
-0.994607 -0.006575 -0.002850 0.033026 -5.794708 -2.512235 
-0.994574 -0.012369 -0.005362 0.074099 -5.794197 -2.512013 
-0.994500 -0.018163 -0.007874 0.115169 -5.793447 -2.511688 
-0.994385 -0.023957 -0.010386 0.156234 -5.792458 -2.511259 
-0.994228 -0.029749 -0.012897 0.197293 -5.791229 -2.510727 
-0.994031 -0.035541 -0.015408 0.238343 -5.789762 -2.510090 
-0.993793 -0.041330 -0.017918 0.279384 -5.788055 -2.509350 
-0.993513 -0.047118 -0.020427 0.320413 -5.786109 -2.508507 
-0.993193 -0.052905 -0.022936 0.361429 -5.783924 -2.507560 
-0.992831 -0.058688 -0.025443 0.402430 -5.781500 -2.506509 
-0.992429 -0.064470 -0.027950 0.443415 -5.778838 -2.505355 
-0.991986 -0.070249 -0.030455 0.484381 -5.775937 -2.504097 
-0.991501 -0.076025 -0.032959 0.525327 -5.772797 -2.502736 
-0.990976 -0.081798 -0.035462 0.566251 -5.769419 -2.501271 
-0.990410 -0.087567 -0.037963 0.607152 -5.765803 -2.499704 
-0.989802 -0.093333 -0.040463 0.648028 -5.761949 -2.498033 
-0.989154 -0.099095 -0.042961 0.688877 -5.757856 -2.496258 
-0.988466 -0.104853 -0.045457 0.729698 -5.753526 -2.494381 
-0.987736 -0.110606 -0.047952 0.770489 -5.748959 -2.492401 
-0.986965 -0.116355 -0.050444 0.811248 -5.744153 -2.490318 
-0.986154 -0.122099 -0.052934 0.851973 -5.739111 -2.488132 
-0.985302 -0.127838 -0.055423 0.892663 -5.733832 -2.485843 
-0.984410 -0.133572 -0.057908 0.933316 -5.728316 -2.483451 
-0.983476 -0.139300 -0.060392 0.973931 -5.722563 -2.480957 
-0.982502 -0.145023 -0.062873 1.014505 -5.716574 -2.478361 
-0.981488 -0.150740 -0.065351 1.055038 -5.710349 -2.475662 
-0.980433 -0.156450 -0.067827 1.095527 -5.703888 -2.472861 
-0.979337 -0.162154 -0.070300 1.135971 -5.697191 -2.469958 
-0.978201 -0.167851 -0.072770 1.176367 -5.690260 -2.466953 
-0.977025 -0.173541 -0.075237 1.216716 -5.683093 -2.463846 
-0.975808 -0.179224 -0.077700 1.257014 -5.675692 -2.460637 
-0.974551 -0.184900 -0.080161 1.297260 -5.668056 -2.457326 
-0.973254 -0.190568 -0.082618 1.337452 -5.660186 -2.453915 
-0.971916 -0.196228 -0.085072 1.377590 -5.652082 -2.450401 
-0.970539 -0.201880 -0.087523 1.417670 -5.643745 -2.446787 
-0.969121 -0.207524 -0.089969 1.457692 -5.635175 -2.443071 
-0.967663 -0.213159 -0.092413 1.497654 -5.626372 -2.439255 
-0.966166 -0.218786 -0.094852 1.537553 -5.617337 -2.435338 
-0.964628 -0.224403 -0.097287 1.577390 -5.608070 -2.431320 
-0.963051 -0.230011 -0.099718 1.617161 -5.598571 -2.427202 
-0.961434 -0.235610 -0.102146 1.656865 -5.588841 -2.422984 
-0.959777 -0.241198 -0.104569 1.696501 -5.578880 -2.418665 
-0.958080 -0.246777 -0.106987 1.736067 -5.568689 -2.414247 
-0.956344 -0.252346 -0.109402 1.775561 -5.558268 -2.409729 
-0.954569 -0.257904 -0.111811 1.814982 -5.547617 -2.405112 
-0.952754 -0.263452 -0.114216 1.854328 -5.536737 -2.400395 
-0.950899 -0.268989 -0.116617 1.893598 -5.525629 -2.395579 
-0.949006 -0.274514 -0.119012 1.932789 -5.514292 -2.390664 
-0.947073 -0.280029 -0.121403 1.971900 -5.502728 -2.385651 
-0.945101 -0.285531 -0.123789 2.010930 -5.490936 -2.380538 
-0.943090 -0.291022 -0.126169 2.049877 -5.478918 -2.375328 
-0.941040 -0.296501 -0.128545 2.088739 -5.466673 -2.370020 
-0.938952 -0.301968 -0.130915 2.127515 -5.454203 -2.364613 
-0.936824 -0.307422 -0.133279 2.166203 -5.441507 -2.359109 
-0.934658 -0.312864 -0.135638 2.204802 -5.428587 -2.353508 
-0.932453 -0.318292 -0.137992 2.243309 -5.415442 -2.347809 
-0.930210 -0.323708 -0.140340 2.281724 -5.402074 -2.342013 
-0.927928 -0.329110 -0.142682 2.320045 -5.388483 -2.336121 
-0.925608 -0.334498 -0.145018 2.358270 -5.374669 -2.330132 
-0.923250 -0.339873 -0.147348 2.396397 -5.360633 -2.324047 
-0.920853 -0.345233 -0.149672 2.434426 -5.346376 -2.317866 
-0.918419 -0.350580 -0.151990 2.472354 -5.331898 -2.311589 
-0.915947 -0.355912 -0.154301 2.510180 -5.317200 -2.305217 
-0.913436 -0.361229 -0.156607 2.547902 -5.302283 -2.298750 
-0.910888 -0.366531 -0.158905 2.585519 -5.287146 -2.292188 
-0.908303 -0.371818 -0.161198 2.623029 -5.271791 -2.285531 
-0.905680 -0.377090 -0.163483 2.660431 -5.256218 -2.278779 
-0.903019 -0.382346 -0.165762 2.697723 -5.240428 -2.271934 




-0.828162 -1.180318 -0.519001 4.492799 -2.069020 -1.070406 
-0.823669 -1.182387 -0.520072 4.501826 -2.056060 -1.064706 
-0.819167 -1.184443 -0.521137 4.510804 -2.043079 -1.058994 
-0.814656 -1.186486 -0.522196 4.519733 -2.030075 -1.053271 
-0.810137 -1.188516 -0.523249 4.528612 -2.017048 -1.047536 
-0.805608 -1.190533 -0.524296 4.537442 -2.004000 -1.041789 
-0.801071 -1.192537 -0.525338 4.546222 -1.990929 -1.036032 
-0.796524 -1.194528 -0.526374 4.554952 -1.977837 -1.030262 
-0.791969 -1.196506 -0.527404 4.563632 -1.964723 -1.024482 
-0.787406 -1.198470 -0.528429 4.572262 -1.951588 -1.018690 
-0.782834 -1.200422 -0.529448 4.580842 -1.938431 -1.012888 
-0.778253 -1.202360 -0.530460 4.589372 -1.925253 -1.007074 
-0.773663 -1.204286 -0.531468 4.597851 -1.912054 -1.001249 
-0.769066 -1.206198 -0.532469 4.606281 -1.898834 -0.995413 
-0.764459 -1.208096 -0.533464 4.614659 -1.885593 -0.989566 
-0.759845 -1.209982 -0.534454 4.622987 -1.872331 -0.983708 
-0.755222 -1.211854 -0.535437 4.631265 -1.859049 -0.977840 
-0.750590 -1.213713 -0.536415 4.639491 -1.845746 -0.971960 
-0.745951 -1.215559 -0.537387 4.647667 -1.832424 -0.966071 
-0.741303 -1.217392 -0.538353 4.655792 -1.819081 -0.960170 
-0.736647 -1.219211 -0.539313 4.663865 -1.805718 -0.954259 
-0.731984 -1.221016 -0.540268 4.671888 -1.792335 -0.948338 
-0.727312 -1.222809 -0.541216 4.679860 -1.778933 -0.942406 
-0.722632 -1.224588 -0.542159 4.687780 -1.765512 -0.936464 
-0.717944 -1.226353 -0.543095 4.695649 -1.752070 -0.930511 
-0.713248 -1.228105 -0.544025 4.703466 -1.738610 -0.924549 
-0.708545 -1.229844 -0.544950 4.711232 -1.725131 -0.918576 
-0.703834 -1.231569 -0.545869 4.718946 -1.711633 -0.912593 
-0.699115 -1.233281 -0.546781 4.726608 -1.698116 -0.906600 
-0.694388 -1.234979 -0.547688 4.734219 -1.684580 -0.900597 
-0.689654 -1.236663 -0.548588 4.741778 -1.671026 -0.894585 
-0.684912 -1.238334 -0.549483 4.749284 -1.657454 -0.888562 
-0.680163 -1.239992 -0.550372 4.756739 -1.643863 -0.882530 
-0.675406 -1.241636 -0.551254 4.764142 -1.630255 -0.876488 
-0.670642 -1.243266 -0.552131 4.771492 -1.616628 -0.870437 
-0.665870 -1.244883 -0.553001 4.778790 -1.602984 -0.864376 
-0.661092 -1.246486 -0.553865 4.786036 -1.589322 -0.858306 
-0.656306 -1.248075 -0.554724 4.793229 -1.575643 -0.852226 
-0.651512 -1.249651 -0.555576 4.800370 -1.561947 -0.846136 
-0.646712 -1.251212 -0.556422 4.807458 -1.548233 -0.840038 
-0.641905 -1.252761 -0.557262 4.814493 -1.534503 -0.833930 
-0.637090 -1.254295 -0.558096 4.821476 -1.520756 -0.827813 
-0.632269 -1.255816 -0.558924 4.828406 -1.506992 -0.821688 
-0.627440 -1.257323 -0.559746 4.835282 -1.493211 -0.815553 
-0.622605 -1.258816 -0.560561 4.842106 -1.479414 -0.809409 
-0.617763 -1.260296 -0.561370 4.848877 -1.465601 -0.803256 
-0.612914 -1.261761 -0.562174 4.855595 -1.451772 -0.797095 
-0.608058 -1.263213 -0.562971 4.862259 -1.437927 -0.790924 
-0.603196 -1.264651 -0.563762 4.868870 -1.424066 -0.784745 
-0.598327 -1.266075 -0.564546 4.875428 -1.410190 -0.778558 
-0.593452 -1.267485 -0.565325 4.881932 -1.396298 -0.772362 
-0.588570 -1.268881 -0.566097 4.888383 -1.382391 -0.766157 
-0.583681 -1.270264 -0.566864 4.894780 -1.368468 -0.759944 
-0.578787 -1.271632 -0.567624 4.901124 -1.354531 -0.753723 
-0.573886 -1.272987 -0.568377 4.907414 -1.340579 -0.747493 
-0.568978 -1.274327 -0.569125 4.913650 -1.326612 -0.741256 
-0.564064 -1.275654 -0.569866 4.919832 -1.312631 -0.735010 
-0.559145 -1.276967 -0.570601 4.925961 -1.298635 -0.728756 
-0.554219 -1.278265 -0.571330 4.932035 -1.284625 -0.722494 
-0.549287 -1.279550 -0.572052 4.938055 -1.270601 -0.716224 
-0.544349 -1.280821 -0.572768 4.944021 -1.256563 -0.709947 
-0.539405 -1.282077 -0.573478 4.949933 -1.242511 -0.703661 
-0.534455 -1.283320 -0.574182 4.955791 -1.228446 -0.697368 
-0.529499 -1.284548 -0.574879 4.961594 -1.214367 -0.691067 
-0.524537 -1.285762 -0.575571 4.967344 -1.200275 -0.684759 
-0.519570 -1.286963 -0.576255 4.973038 -1.186169 -0.678443 
-0.514597 -1.288149 -0.576934 4.978678 -1.172051 -0.672120 
-0.509618 -1.289321 -0.577606 4.984264 -1.157920 -0.665789 
-0.504634 -1.290479 -0.578272 4.989795 -1.143776 -0.659451 
-0.499644 -1.291623 -0.578931 4.995271 -1.129619 -0.653106 
-0.494649 -1.292752 -0.579584 5.000692 -1.115451 -0.646754 
-0.489648 -1.293868 -0.580231 5.006059 -1.101270 -0.640394 
-0.484642 -1.294969 -0.580871 5.011371 -1.087076 -0.634028 
-0.479631 -1.296056 -0.581505 5.016627 -1.072871 -0.627654 
-0.474614 -1.297129 -0.582133 5.021829 -1.058655 -0.621274 
-0.469592 -1.298188 -0.582754 5.026976 -1.044426 -0.614887 
-0.464565 -1.299232 -0.583369 5.032068 -1.030186 -0.608493 
-0.459533 -1.300262 -0.583978 5.037104 -1.015935 -0.602093 
-0.454496 -1.301278 -0.584580 5.042086 -1.001673 -0.595686 
-0.449454 -1.302280 -0.585175 5.047012 -0.987400 -0.589272 
-0.444407 -1.303267 -0.585765 5.051883 -0.973116 -0.582852 
-0.439355 -1.304240 -0.586348 5.056698 -0.958821 -0.576425 
-0.434298 -1.305199 -0.586924 5.061458 -0.944516 -0.569993 
-0.429237 -1.306144 -0.587494 5.066163 -0.930200 -0.563554 
-0.424171 -1.307074 -0.588058 5.070812 -0.915875 -0.557108 
-0.419100 -1.307990 -0.588615 5.075405 -0.901539 -0.550657 
-0.414025 -1.308891 -0.589165 5.079943 -0.887193 -0.544200 
-0.408945 -1.309778 -0.589710 5.084425 -0.872838 -0.537736 
-0.403860 -1.310651 -0.590247 5.088851 -0.858473 -0.531267 
-0.398771 -1.311510 -0.590779 5.093222 -0.844098 -0.524792 
-0.393678 -1.312354 -0.591303 5.097537 -0.829715 -0.518311 
-0.388581 -1.313184 -0.591822 5.101795 -0.815322 -0.511825 
-0.383479 -1.313999 -0.592333 5.105998 -0.800920 -0.505333 
-0.378373 -1.314800 -0.592839 5.110146 -0.786510 -0.498835 
-0.373263 -1.315586 -0.593338 5.114237 -0.772091 -0.492332 
-0.368148 -1.316358 -0.593830 5.118272 -0.757663 -0.485824 
-0.363030 -1.317116 -0.594316 5.122250 -0.743228 -0.479310 
-0.357908 -1.317859 -0.594795 5.126173 -0.728784 -0.472791 
-0.352782 -1.318588 -0.595268 5.130040 -0.714332 -0.466266 
-0.347652 -1.319302 -0.595734 5.133850 -0.699872 -0.459737 
-0.342518 -1.320002 -0.596194 5.137604 -0.685404 -0.453203 
-0.337380 -1.320688 -0.596647 5.141302 -0.670929 -0.446663 
-0.332239 -1.321359 -0.597094 5.144943 -0.656447 -0.440119 
-0.327094 -1.322015 -0.597534 5.148528 -0.641957 -0.433570 
-0.321946 -1.322657 -0.597967 5.152057 -0.627461 -0.427016 
-0.316793 -1.323284 -0.598394 5.155529 -0.612957 -0.420458 
-0.311638 -1.323897 -0.598815 5.158945 -0.598447 -0.413895 
-0.306479 -1.324496 -0.599229 5.162304 -0.583931 -0.407327 
-0.301317 -1.325080 -0.599636 5.165606 -0.569408 -0.400755 
-0.296151 -1.325649 -0.600037 5.168852 -0.554878 -0.394178 
-0.290982 -1.326204 -0.600431 5.172041 -0.540343 -0.387597 
-0.285810 -1.326744 -0.600819 5.175174 -0.525801 -0.381012 
-0.280635 -1.327270 -0.601200 5.178250 -0.511254 -0.374423 
-0.275457 -1.327781 -0.601574 5.181269 -0.496702 -0.367830 
-0.270275 -1.328278 -0.601942 5.184231 -0.482143 -0.361232 
-0.265091 -1.328760 -0.602303 5.187136 -0.467580 -0.354631 
-0.259904 -1.329228 -0.602658 5.189985 -0.453011 -0.348026 
-0.254714 -1.329681 -0.603006 5.192777 -0.438438 -0.341417 
-0.249521 -1.330119 -0.603347 5.195511 -0.423859 -0.334804 
-0.244326 -1.330543 -0.603682 5.198189 -0.409276 -0.328187 
-0.239128 -1.330952 -0.604010 5.200810 -0.394689 -0.321567 
-0.233927 -1.331347 -0.604332 5.203374 -0.380097 -0.314944 
-0.228723 -1.331727 -0.604647 5.205881 -0.365501 -0.308317 
-0.223518 -1.332093 -0.604955 5.208331 -0.350901 -0.301686 
-0.218309 -1.332444 -0.605257 5.210723 -0.336297 -0.295053 
-0.213099 -1.332780 -0.605552 5.213059 -0.321690 -0.288416 
-0.207885 -1.333102 -0.605840 5.215337 -0.307079 -0.281776 
-0.202670 -1.333409 -0.606122 5.217559 -0.292464 -0.275132 
-0.197453 -1.333701 -0.606397 5.219723 -0.277847 -0.268486 
-0.192233 -1.333979 -0.606666 5.221830 -0.263226 -0.261837 
-0.187011 -1.334242 -0.606927 5.223879 -0.248603 -0.255185 
-0.181787 -1.334491 -0.607183 5.225872 -0.233976 -0.248530 
-0.176561 -1.334725 -0.607431 5.227807 -0.219348 -0.241873 
-0.171333 -1.334944 -0.607673 5.229685 -0.204716 -0.235212 
-0.166104 -1.335149 -0.607908 5.231505 -0.190083 -0.228550 
-0.160872 -1.335339 -0.608137 5.233269 -0.175447 -0.221884 
-0.155639 -1.335514 -0.608359 5.234974 -0.160810 -0.215217 
-0.150404 -1.335675 -0.608574 5.236623 -0.146171 -0.208547 
-0.145167 -1.335821 -0.608782 5.238214 -0.131530 -0.201874 
-0.139929 -1.335953 -0.608984 5.239748 -0.116887 -0.195200 
-0.134689 -1.336070 -0.609179 5.241224 -0.102244 -0.188523 
-0.129448 -1.336172 -0.609368 5.242643 -0.087599 -0.181844 
-0.124206 -1.336260 -0.609550 5.244004 -0.072954 -0.175163 
-0.118962 -1.336333 -0.609725 5.245308 -0.058307 -0.168481 
-0.113716 -1.336391 -0.609894 5.246554 -0.043660 -0.161796 
-0.108470 -1.336435 -0.610055 5.247743 -0.029013 -0.155110 
-0.103222 -1.336464 -0.610210 5.248874 -0.014365 -0.148422 
-0.097973 -1.336478 -0.610359 5.249948 0.000283 -0.141732 
-0.092723 -1.336478 -0.610501 5.250964 0.014931 -0.135041 
-0.087472 -1.336463 -0.610636 5.251923 0.029579 -0.128348 


.384397 -0.844932 -0.231075 0.404365 -2.380299 -1.030114 
-5.383993 -0.847313 -0.232106 0.405674 -2.380093 -1.030057 
-5.383587 -0.849693 -0.233136 0.406983 -2.379886 -1.030001 
-5.383180 -0.852072 -0.234166 0.408292 -2.379679 -1.029944 
-5.382772 -0.854452 -0.235196 0.409601 -2.379471 -1.029887 
-5.382362 -0.856832 -0.236225 0.410910 -2.379263 -1.029829 
-5.381951 -0.859211 -0.237255 0.412219 -2.379054 -1.029771 
-5.381539 -0.861590 -0.238285 0.413528 -2.378844 -1.029714 
-5.381126 -0.863969 -0.239315 0.414836 -2.378634 -1.029655 
-5.380711 -0.866347 -0.240344 0.416145 -2.378423 -1.029597 
-5.380295 -0.868726 -0.241374 0.417453 -2.378212 -1.029538 
-5.379877 -0.871104 -0.242404 0.418762 -2.378000 -1.029479 
-5.379458 -0.873482 -0.243433 0.420070 -2.377788 -1.029420 
-5.379038 -0.875860 -0.244462 0.421378 -2.377575 -1.029361 
-5.378617 -0.878237 -0.245492 0.422686 -2.377361 -1.029301 
-5.378194 -0.880615 -0.246521 0.423994 -2.377147 -1.029241 
-5.377770 -0.882992 -0.247550 0.425302 -2.376932 -1.029181 
-5.377345 -0.885369 -0.248579 0.426609 -2.376717 -1.029120 
-5.376918 -0.887746 -0.249609 0.427917 -2.376501 -1.029060 
-5.376490 -0.890122 -0.250638 0.429224 -2.376285 -1.028999 
-5.376061 -0.892498 -0.251667 0.430532 -2.376068 -1.028937 
-5.375631 -0.894874 -0.252696 0.431839 -2.375850 -1.028876 
-5.375199 -0.897250 -0.253724 0.433146 -2.375632 -1.028814 
-5.374766 -0.899626 -0.254753 0.434453 -2.375413 -1.028752 
-5.374331 -0.902001 -0.255782 0.435760 -2.375194 -1.028690 
-5.373896 -0.904377 -0.256811 0.437067 -2.374974 -1.028628 
-5.373458 -0.906752 -0.257839 0.438374 -2.374753 -1.028565 
-5.373020 -0.909126 -0.258868 0.439680 -2.374532 -1.028502 
-5.372580 -0.911501 -0.259896 0.440987 -2.374311 -1.028439 
-5.372139 -0.913875 -0.260925 0.442293 -2.374088 -1.028375 
-5.371697 -0.916249 -0.261953 0.443600 -2.373866 -1.028312 
-5.371254 -0.918623 -0.262982 0.444906 -2.373642 -1.028248 
-5.370809 -0.920997 -0.264010 0.446212 -2.373418 -1.028184 
-5.370362 -0.923370 -0.265038 0.447518 -2.373194 -1.028119 
-5.369915 -0.925743 -0.266066 0.448824 -2.372968 -1.028054 
-5.369466 -0.928116 -0.267094 0.450130 -2.372743 -1.027989 
-5.369016 -0.930489 -0.268122 0.451435 -2.372516 -1.027924 
-5.368564 -0.932862 -0.269150 0.452741 -2.372290 -1.027859 
-5.368112 -0.935234 -0.270178 0.454046 -2.372062 -1.027793 
-5.367658 -0.937606 -0.271206 0.455352 -2.371834 -1.027727 
-5.367202 -0.939978 -0.272233 0.456657 -2.371606 -1.027661 
-5.366746 -0.942349 -0.273261 0.457962 -2.371376 -1.027594 
-5.366288 -0.944721 -0.274289 0.459267 -2.371147 -1.027528 
-5.365828 -0.947092 -0.275316 0.460572 -2.370916 -1.027461 
-5.365368 -0.949463 -0.276344 0.461877 -2.370685 -1.027394 
-5.364906 -0.951833 -0.277371 0.463181 -2.370454 -1.027326 
-5.364443 -0.954204 -0.278398 0.464486 -2.370222 -1.027258 
-5.363978 -0.956574 -0.279426 0.465790 -2.369989 -1.027190 
-5.363513 -0.958944 -0.280453 0.467095 -2.369756 -1.027122 
-5.363045 -0.961314 -0.281480 0.468399 -2.369522 -1.027054 
-5.362577 -0.963683 -0.282507 0.469703 -2.369288 -1.026985 
-5.362107 -0.966053 -0.283534 0.471007 -2.369053 -1.026916 
-5.361636 -0.968422 -0.284561 0.472311 -2.368818 -1.026847 
-5.361164 -0.970791 -0.285588 0.473615 -2.368581 -1.026778 
-5.360690 -0.973159 -0.286615 0.474918 -2.368345 -1.026708 
-5.360216 -0.975527 -0.287641 0.476222 -2.368108 -1.026638 
-5.359739 -0.977896 -0.288668 0.477525 -2.367870 -1.026568 
-5.359262 -0.980263 -0.289694 0.478829 -2.367631 -1.026497 
-5.358783 -0.982631 -0.290721 0.480132 -2.367392 -1.026427 
-5.358303 -0.984998 -0.291747 0.481435 -2.367153 -1.026356 
-5.357821 -0.987366 -0.292774 0.482738 -2.366913 -1.026284 
-5.357339 -0.989733 -0.293800 0.484041 -2.366672 -1.026213 
-5.356855 -0.992099 -0.294826 0.485343 -2.366431 -1.026141 
-5.356369 -0.994466 -0.295852 0.486646 -2.366189 -1.026069 
-5.355883 -0.996832 -0.296878 0.487948 -2.365947 -1.025997 
-5.355395 -0.999198 -0.297904 0.489251 -2.365704 -1.025925 
-5.354905 -1.001563 -0.298930 0.490553 -2.365460 -1.025852 
-5.354415 -1.003929 -0.299956 0.491855 -2.365216 -1.025779 
-5.353923 -1.006294 -0.300982 0.493157 -2.364971 -1.025706 
-5.353430 -1.008659 -0.302008 0.494459 -2.364726 -1.025632 
-5.352935 -1.011024 -0.303033 0.495761 -2.364480 -1.025559 
-5.352440 -1.013388 -0.304059 0.497062 -2.364234 -1.025485 
-5.351943 -1.015753 -0.305084 0.498364 -2.363987 -1.025411 
-5.351444 -1.018117 -0.306110 0.499665 -2.363739 -1.025336 
-5.350945 -1.020480 -0.307135 0.500967 -2.363491 -1.025261 
-5.350444 -1.022844 -0.308160 0.502268 -2.363242 -1.025186 
-5.349941 -1.025207 -0.309186 0.503569 -2.362993 -1.025111 
-5.349438 -1.027570 -0.310211 0.504870 -2.362743 -1.025036 
-5.348933 -1.029933 -0.311236 0.506170 -2.362492 -1.024960 
-5.348427 -1.032295 -0.312261 0.507471 -2.362241 -1.024884 
-5.347919 -1.034658 -0.313286 0.508772 -2.361990 -1.024808 
-5.347410 -1.037019 -0.314310 0.510072 -2.361738 -1.024732 
-5.346900 -1.039381 -0.315335 0.511372 -2.361485 -1.024655 
-5.346389 -1.041743 -0.316360 0.512672 -2.361231 -1.024578 
-5.345876 -1.044104 -0.317384 0.513973 -2.360977 -1.024501 
-5.345362 -1.046465 -0.318409 0.515272 -2.360723 -1.024423 
-5.344847 -1.048826 -0.319433 0.516572 -2.360468 -1.024346 
-5.344331 -1.051186 -0.320458 0.517872 -2.360212 -1.024268 
-5.343813 -1.053546 -0.321482 0.519171 -2.359956 -1.024190 
-5.343293 -1.055906 -0.322506 0.520471 -2.359699 -1.024111 
-5.342773 -1.058266 -0.323530 0.521770 -2.359442 -1.024032 
-5.342251 -1.060625 -0.324554 0.523069 -2.359184 -1.023954 
-5.341728 -1.062985 -0.325578 0.524368 -2.358926 -1.023874 
-5.341204 -1.065344 -0.326602 0.525667 -2.358666 -1.023795 
-5.340678 -1.067702 -0.327626 0.526966 -2.358407 -1.023715 
-5.340151 -1.070061 -0.328650 0.528265 -2.358147 -1.023635 
-5.339623 -1.072419 -0.329673 0.529563 -2.357886 -1.023555 
-5.339093 -1.074777 -0.330697 0.530862 -2.357624 -1.023475 
-5.338562 -1.077134 -0.331720 0.532160 -2.357362 -1.023394 
-5.338030 -1.079492 -0.332744 0.533458 -2.357100 -1.023313 
-5.337497 -1.081849 -0.333767 0.534756 -2.356837 -1.023232 
-5.336962 -1.084206 -0.334790 0.536054 -2.356573 -1.023151 
-5.336426 -1.086562 -0.335813 0.537352 -2.356309 -1.023069 
-5.335889 -1.088918 -0.336836 0.538649 -2.356044 -1.022987 
-5.335350 -1.091274 -0.337859 0.539947 -2.355779 -1.022905 
-5.334810 -1.093630 -0.338882 0.541244 -2.355513 -1.022822 
-5.334269 -1.095986 -0.339905 0.542541 -2.355246 -1.022740 
-5.333726 -1.098341 -0.340928 0.543838 -2.354979 -1.022657 
-5.333182 -1.100696 -0.341951 0.545135 -2.354712 -1.022574 
-5.332637 -1.103051 -0.342973 0.546432 -2.354443 -1.022490 
-5.332091 -1.105405 -0.343996 0.547729 -2.354174 -1.022407 
-5.331543 -1.107759 -0.345018 0.549025 -2.353905 -1.022323 
-5.330994 -1.110113 -0.346040 0.550322 -2.353635 -1.022239 
-5.330444 -1.112467 -0.347063 0.551618 -2.353365 -1.022154 
-5.329892 -1.114820 -0.348085 0.552914 -2.353093 -1.022069 
-5.329339 -1.117173 -0.349107 0.554210 -2.352822 -1.021985 
-5.328785 -1.119526 -0.350129 0.555506 -2.352550 -1.021899 
-5.328230 -1.121879 -0.351151 0.556802 -2.352277 -1.021814 
-5.327673 -1.124231 -0.352172 0.558097 -2.352003 -1.021728 
-5.327115 -1.126583 -0.353194 0.559393 -2.351729 -1.021643 
-5.326555 -1.128935 -0.354216 0.560688 -2.351455 -1.021556 
-5.325995 -1.131286 -0.355237 0.561983 -2.351180 -1.021470 
-5.325433 -1.133637 -0.356259 0.563279 -2.350904 -1.021383 
-5.324869 -1.135988 -0.357280 0.564573 -2.350628 -1.021296 
-5.324305 -1.138339 -0.358302 0.565868 -2.350351 -1.021209 
-5.323739 -1.140689 -0.359323 0.567163 -2.350074 -1.021122 
-5.323172 -1.143039 -0.360344 0.568457 -2.349796 -1.021034 
-5.322603 -1.145389 -0.361365 0.569752 -2.349517 -1.020946 
-5.322034 -1.147739 -0.362386 0.571046 -2.349238 -1.020858 
-5.321462 -1.150088 -0.363407 0.572340 -2.348958 -1.020770 
-5.320890 -1.152437 -0.364427 0.573634 -2.348678 -1.020681 
-5.320316 -1.154785 -0.365448 0.574928 -2.348397 -1.020592 
-5.319742 -1.157134 -0.366469 0.576222 -2.348116 -1.020503 
-5.319165 -1.159482 -0.367489 0.577515 -2.347834 -1.020414 
-5.318588 -1.161830 -0.368510 0.578809 -2.347551 -1.020324 
-5.318009 -1.164177 -0.369530 0.580102 -2.347268 -1.020234 
-5.317429 -1.166525 -0.370550 0.581395 -2.346984 -1.020144 
-5.316848 -1.168872 -0.371570 0.582688 -2.346700 -1.020054 
-5.316265 -1.171218 -0.372590 0.583981 -2.346415 -1.019963 
-5.315681 -1.173565 -0.373610 0.585274 -2.346130 -1.019873 
-5.315096 -1.175911 -0.374630 0.586566 -2.345844 -1.019781 



-3.792524 7.548120 3.280861 -1.959838 -0.825370 -0.256570 
-3.841520 7.527486 3.274446 -1.954741 -0.835357 -0.260914 
-3.890388 7.506602 3.267923 -1.949580 -0.845316 -0.265249 
-3.939128 7.485469 3.261292 -1.944354 -0.855247 -0.269576 
-3.987737 7.464088 3.254553 -1.939063 -0.865150 -0.273894 
-4.036213 7.442459 3.247706 -1.933708 -0.875024 -0.278203 
-4.084556 7.420584 3.240750 -1.928289 -0.884869 -0.282502 
-4.132763 7.398462 3.233688 -1.922806 -0.894685 -0.286793 
-4.180833 7.376095 3.226518 -1.917259 -0.904471 -0.291073 
-4.228765 7.353483 3.219241 -1.911649 -0.914227 -0.295344 
-4.276556 7.330627 3.211858 -1.905975 -0.923952 -0.299606 
-4.324205 7.307528 3.204367 -1.900238 -0.933647 -0.303857 
-4.371711 7.284187 3.196771 -1.894438 -0.943311 -0.308098 
-4.419072 7.260605 3.189069 -1.888575 -0.952944 -0.312329 
-4.466287 7.236781 3.181260 -1.882650 -0.962545 -0.316550 
-4.513353 7.212717 3.173347 -1.876662 -0.972115 -0.320760 
-4.560269 7.188414 3.165328 -1.870611 -0.981652 -0.324959 
-4.607035 7.163873 3.157204 -1.864499 -0.991156 -0.329148 
-4.653647 7.139094 3.148975 -1.858325 -1.000628 -0.333326 
-4.700105 7.114079 3.140642 -1.852089 -1.010066 -0.337493 
-4.746407 7.088827 3.132204 -1.845792 -1.019471 -0.341648 
-4.792552 7.063340 3.123663 -1.839434 -1.028842 -0.345792 
-4.838538 7.037619 3.115018 -1.833015 -1.038179 -0.349925 
-4.884363 7.011665 3.106270 -1.826534 -1.047481 -0.354046 
-4.930027 6.985478 3.097419 -1.819994 -1.056749 -0.358156 
-4.975527 6.959059 3.088465 -1.813392 -1.065982 -0.362253 
-5.020861 6.932409 3.079409 -1.806731 -1.075179 -0.366339 
-5.066030 6.905530 3.070250 -1.800010 -1.084341 -0.370412 
-5.111030 6.878421 3.060990 -1.793229 -1.093467 -0.374473 
-5.155861 6.851085 3.051628 -1.786389 -1.102556 -0.378522 
-5.200520 6.823521 3.042165 -1.779489 -1.111609 -0.382558 
-5.245008 6.795731 3.032601 -1.772530 -1.120625 -0.386581 
-5.289321 6.767715 3.022937 -1.765513 -1.129604 -0.390592 
-5.333459 6.739475 3.013172 -1.758437 -1.138545 -0.394590 
-5.377420 6.711011 3.003307 -1.751303 -1.147449 -0.398574 
-5.421202 6.682325 2.993343 -1.744110 -1.156314 -0.402545 
-5.464805 6.653417 2.983279 -1.736860 -1.165142 -0.406503 
-5.508227 6.624289 2.973117 -1.729552 -1.173930 -0.410448 
-5.551465 6.594940 2.962855 -1.722187 -1.182680 -0.414379 
-5.594520 6.565373 2.952496 -1.714765 -1.191390 -0.418296 
-5.637389 6.535589 2.942039 -1.707285 -1.200061 -0.422199 
-5.680071 6.505587 2.931484 -1.699749 -1.208692 -0.426088 
-5.722565 6.475370 2.920831 -1.692157 -1.217283 -0.429964 
-5.764869 6.444938 2.910082 -1.684509 -1.225834 -0.433824 
-5.806982 6.414292 2.899237 -1.676805 -1.234344 -0.437671 
-5.848902 6.383433 2.888295 -1.669045 -1.242813 -0.441503 
-5.890628 6.352363 2.877257 -1.661230 -1.251241 -0.445320 
-5.932159 6.321082 2.866124 -1.653359 -1.259627 -0.449123 
-5.973493 6.289591 2.854896 -1.645434 -1.267971 -0.452910 
-6.014628 6.257892 2.843574 -1.637454 -1.276274 -0.456683 
-6.055565 6.225985 2.832156 -1.629420 -1.284534 -0.460440 
-6.096300 6.193872 2.820645 -1.621332 -1.292752 -0.464183 
-6.136834 6.161553 2.809041 -1.613190 -1.300926 -0.467909 
-6.177163 6.129030 2.797343 -1.604995 -1.309058 -0.471621 
-6.217288 6.096303 2.785553 -1.596746 -1.317146 -0.475316 
-6.257207 6.063375 2.773670 -1.588445 -1.325190 -0.478996 
-6.296918 6.030245 2.761695 -1.580091 -1.333191 -0.482660 
-6.336420 5.996915 2.749628 -1.571684 -1.341147 -0.486308 
-6.375712 5.963386 2.737471 -1.563225 -1.349059 -0.489940 
-6.414793 5.929660 2.725222 -1.554715 -1.356926 -0.493556 
-6.453661 5.895737 2.712883 -1.546152 -1.364748 -0.497155 
-6.492315 5.861618 2.700454 -1.537539 -1.372524 -0.500738 
-6.530753 5.827305 2.687936 -1.528875 -1.380255 -0.504304 
-6.568975 5.792799 2.675328 -1.520159 -1.387941 -0.507853 
-6.606979 5.758100 2.662632 -1.511394 -1.395580 -0.511386 
-6.644764 5.723211 2.649847 -1.502578 -1.403173 -0.514901 
-6.682328 5.688131 2.636975 -1.493712 -1.410720 -0.518400 
-6.719671 5.652863 2.624015 -1.484797 -1.418220 -0.521881 
-6.756791 5.617408 2.610968 -1.475833 -1.425672 -0.525345 
-6.793687 5.581766 2.597834 -1.466820 -1.433078 -0.528792 
-6.830357 5.545939 2.584614 -1.457758 -1.440436 -0.532221 
-6.866801 5.509928 2.571309 -1.448647 -1.447746 -0.535632 
-6.903018 5.473735 2.557918 -1.439489 -1.455008 -0.539026 
-6.939005 5.437359 2.544442 -1.430283 -1.462222 -0.542402 
-6.974762 5.400804 2.530882 -1.421029 -1.469387 -0.545760 
-7.010288 5.364069 2.517238 -1.411729 -1.476504 -0.549099 
-7.045581 5.327157 2.503511 -1.402381 -1.483571 -0.552421 
-7.080640 5.290067 2.489700 -1.392987 -1.490590 -0.555724 
-7.115465 5.252803 2.475807 -1.383547 -1.497559 -0.559008 
-7.150054 5.215364 2.461832 -1.374061 -1.504478 -0.562275 
-7.184405 5.177752 2.447775 -1.364529 -1.511348 -0.565522 
-7.218518 5.139968 2.433637 -1.354952 -1.518167 -0.568751 
-7.252392 5.102014 2.419418 -1.345330 -1.524936 -0.571961 
-7.286025 5.063890 2.405119 -1.335664 -1.531654 -0.575152 
-7.319417 5.025599 2.390741 -1.325953 -1.538322 -0.578324 
-7.352566 4.987141 2.376282 -1.316198 -1.544938 -0.581476 
-7.385471 4.948518 2.361746 -1.306400 -1.551503 -0.584610 
-7.418131 4.909730 2.347130 -1.296558 -1.558017 -0.587724 
-7.450545 4.870779 2.332437 -1.286673 -1.564479 -0.590818 
-7.482712 4.831667 2.317667 -1.276746 -1.570890 -0.593893 
-7.514630 4.792395 2.302819 -1.266776 -1.577248 -0.596948 
-7.546300 4.752964 2.287896 -1.256764 -1.583554 -0.599984 
-7.577719 4.713375 2.272896 -1.246711 -1.589807 -0.602999 
-7.608887 4.673630 2.257821 -1.236616 -1.596008 -0.605995 
-7.639802 4.633730 2.242671 -1.226480 -1.602155 -0.608970 
-7.670464 4.593676 2.227447 -1.216303 -1.608250 -0.611925 
-7.700871 4.553470 2.212149 -1.206086 -1.614291 -0.614860 
-7.731024 4.513112 2.196777 -1.195830 -1.620279 -0.617774 
-7.760919 4.472605 2.181333 -1.185533 -1.626213 -0.620669 
-7.790558 4.431950 2.165816 -1.175197 -1.632092 -0.623542 
-7.819938 4.391148 2.150228 -1.164822 -1.637918 -0.626395 
-7.849058 4.350200 2.134568 -1.154409 -1.643690 -0.629227 
-7.877918 4.309108 2.118837 -1.143957 -1.649407 -0.632038 
-7.906517 4.267872 2.103036 -1.133467 -1.655069 -0.634828 
-7.934854 4.226496 2.087166 -1.122940 -1.660676 -0.637597 
-7.962928 4.184979 2.071226 -1.112375 -1.666229 -0.640345 
-7.990737 4.143323 2.055217 -1.101774 -1.671726 -0.643072 
-8.018281 4.101530 2.039140 -1.091136 -1.677167 -0.645777 
-8.045560 4.059601 2.022996 -1.080462 -1.682553 -0.648461 
-8.072571 4.017537 2.006784 -1.069752 -1.687883 -0.651123 
-8.099315 3.975340 1.990506 -1.059006 -1.693158 -0.653764 
-8.125790 3.933011 1.974162 -1.048226 -1.698376 -0.656383 
-8.151996 3.890552 1.957753 -1.037410 -1.703537 -0.658981 
-8.177931 3.847963 1.941278 -1.026560 -1.708642 -0.661556 
-8.203595 3.805247 1.924739 -1.015676 -1.713691 -0.664110 
-8.228987 3.762405 1.908136 -1.004759 -1.718683 -0.666641 
-8.254106 3.719438 1.891470 -0.993808 -1.723617 -0.669151 
-8.278951 3.676347 1.874742 -0.982824 -1.728495 -0.671638 
-8.303522 3.633135 1.857951 -0.971808 -1.733315 -0.674103 
-8.327817 3.589802 1.841098 -0.960759 -1.738077 -0.676546 
-8.351836 3.546350 1.824184 -0.949678 -1.742782 -0.678966 
-8.375578 3.502781 1.807210 -0.938566 -1.747430 -0.681364 
-8.399042 3.459095 1.790176 -0.927423 -1.752019 -0.683739 
-8.422228 3.415294 1.773083 -0.916249 -1.756550 -0.686091 
-8.445134 3.371381 1.755930 -0.905045 -1.761023 -0.688421 
-8.467760 3.327355 1.738720 -0.893811 -1.765437 -0.690727 
-8.490105 3.283219 1.721452 -0.882547 -1.769793 -0.693011 
-8.512169 3.238974 1.704126 -0.871253 -1.774091 -0.695272 
-8.533950 3.194622 1.686745 -0.859931 -1.778329 -0.697510 
-8.555448 3.150164 1.669307 -0.848581 -1.782508 -0.699725 
-8.576663 3.105601 1.651814 -0.837202 -1.786629 -0.701916 
-8.597593 3.060935 1.634266 -0.825795 -1.790690 -0.704084 
-8.618238 3.016168 1.616664 -0.814361 -1.794691 -0.706229 
-8.638597 2.971301 1.599008 -0.802900 -1.798633 -0.708351 
-8.658669 2.926335 1.581299 -0.791413 -1.802516 -0.710449 
-8.678455 2.881272 1.563538 -0.779899 -1.806338 -0.712523 
-8.697952 2.836114 1.545725 -0.768359 -1.810101 -0.714574 
-8.717161 2.790861 1.527861 -0.756794 -1.813804 -0.716601 
-8.736081 2.745516 1.509946 -0.745203 -1.817446 -0.718604 
-8.754711 2.700080 1.491980 -0.733588 -1.821028 -0.720584 
-8.773051 2.654554 1.473966 -0.721949 -1.824550 -0.722539 
-8.791100 2.608940 1.455902 -0.710286 -1.828012 -0.724471 
-8.808857 2.563240 1.437791 -0.698599 -1.831412 -0.726378 
-8.826322 2.517455 1.419631 -0.686889 -1.834752 -0.728262 
-8.843494 2.471586 1.401425 -0.675156 -1.838031 -0.730121 
-8.860373 2.425635 1.383172 -0.663401 -1.841250 -0.731956 
-8.876958 2.379604 1.364873 -0.651624 -1.844407 -0.733767 
-8.893248 2.333494 1.346529 -0.639825 -1.847502 -0.735553 
-8.909244 2.287306 1.328140 -0.628005 -1.850537 -0.737315 
-8.924944 2.241043 1.309707 -0.616164 -1.853510 -0.739053 
-8.940348 2.194705 1.291231 -0.604302 -1.856422 -0.740766 
-8.955456 2.148295 1.272711 -0.592421 -1.859272 -0.742455 
-8.970266 2.101813 1.254150 -0.580520 -1.862061 -0.744119 
-8.984779 2.055261 1.235547 -0.568600 -1.864788 -0.745758 
-8.998994 2.008641 1.216903 -0.556661 -1.867452 -0.747372 
-9.012911 1.961955 1.198219 -0.544703 -1.870055 -0.748962 
-9.026528 1.915204 1.179495 -0.532727 -1.872596 -0.750527 
-9.039847 1.868389 1.160732 -0.520734 -1.875075 -0.752067 
-9.052865 1.821512 1.141930 -0.508723 -1.877492 -0.753582 
-9.065583 1.774575 1.123090 -0.496696 -1.879846 -0.755072 
-9.078000 1.727579 1.104214 -0.484652 -1.882138 -0.756537 
-9.090117 1.680525 1.085300 -0.472592 -1.884368 -0.757977 
-9.101932 1.633416 1.066351 -0.460516 -1.886535 -0.759391 
-9.113444 1.586253 1.047366 -0.448425 -1.888639 -0.760781 

18.409957 -7.511247 -3.414070 0.559723 1.146937 0.494418 
18.437944 -7.453901 -3.389349 0.555290 1.148729 0.495232 
18.465708 -7.396464 -3.364588 0.550851 1.150507 0.496041 
18.493251 -7.338939 -3.339786 0.546405 1.152271 0.496844 
18.520571 -7.281325 -3.314943 0.541952 1.154022 0.497641 
18.547668 -7.223624 -3.290061 0.537493 1.155758 0.498432 
18.574543 -7.165836 -3.265140 0.533028 1.157481 0.499217 
18.601195 -7.107962 -3.240179 0.528556 1.159190 0.499996 
18.627622 -7.050003 -3.215179 0.524078 1.160885 0.500769 
18.653826 -6.991958 -3.190141 0.519593 1.162566 0.501536 
18.679806 -6.933830 -3.165064 0.515103 1.164233 0.502297 
18.705561 -6.875619 -3.139949 0.510606 1.165886 0.503052 
18.731091 -6.817324 -3.114796 0.506103 1.167524 0.503800 
18.756396 -6.758948 -3.089606 0.501594 1.169149 0.504543 
18.781476 -6.700491 -3.064379 0.497078 1.170760 0.505280 
18.806330 -6.641953 -3.039115 0.492557 1.172357 0.506010 
18.830958 -6.583335 -3.013815 0.488030 1.173940 0.506735 
18.855359 -6.524638 -2.988478 0.483497 1.175508 0.507453 
18.879534 -6.465862 -2.963105 0.478959 1.177063 0.508166 
18.903482 -6.407009 -2.937697 0.474414 1.178603 0.508872 
18.927203 -6.348079 -2.912253 0.469864 1.180129 0.509572 
18.950696 -6.289073 -2.886775 0.465308 1.181641 0.510266 
18.973962 -6.229990 -2.861262 0.460747 1.183139 0.510954 
18.996999 -6.170834 -2.835714 0.456180 1.184622 0.511636 
19.019808 -6.111602 -2.810132 0.451607 1.186091 0.512311 
19.042388 -6.052298 -2.784516 0.447029 1.187546 0.512981 
19.064740 -5.992921 -2.758867 0.442446 1.188987 0.513644 
19.086862 -5.933471 -2.733185 0.437857 1.190414 0.514301 
19.108755 -5.873951 -2.707470 0.433264 1.191826 0.514952 
19.130418 -5.814359 -2.681723 0.428664 1.193224 0.515597 
19.151851 -5.754698 -2.655943 0.424060 1.194607 0.516235 
19.173054 -5.694968 -2.630131 0.419451 1.195976 0.516867 
19.194027 -5.635169 -2.604288 0.414837 1.197331 0.517494 
19.214769 -5.575302 -2.578413 0.410217 1.198671 0.518113 
19.235279 -5.515369 -2.552507 0.405593 1.199997 0.518727 
19.255559 -5.455369 -2.526571 0.400964 1.201309 0.519334 
19.275607 -5.395303 -2.500604 0.396330 1.202606 0.519936 
19.295424 -5.335173 -2.474607 0.391691 1.203888 0.520531 
19.315008 -5.274979 -2.448581 0.387048 1.205156 0.521119 
19.334361 -5.214721 -2.422525 0.382400 1.206410 0.521702 
19.353481 -5.154400 -2.396440 0.377747 1.207649 0.522278 
19.372368 -5.094018 -2.370326 0.373090 1.208874 0.522848 
19.391023 -5.033574 -2.344184 0.368428 1.210084 0.523411 
19.409444 -4.973070 -2.318013 0.363762 1.211280 0.523968 
19.427632 -4.912506 -2.291815 0.359091 1.212460 0.524519 
19.445587 -4.851883 -2.265589 0.354417 1.213627 0.525064 
19.463307 -4.791202 -2.239335 0.349737 1.214779 0.525602 
19.480794 -4.730463 -2.213055 0.345054 1.215916 0.526134 
19.498047 -4.669667 -2.186749 0.340367 1.217039 0.526660 
19.515065 -4.608815 -2.160416 0.335675 1.218147 0.527179 
19.531849 -4.547908 -2.134057 0.330980 1.219240 0.527692 
19.548398 -4.486946 -2.107672 0.326280 1.220319 0.528199 
19.564712 -4.425930 -2.081262 0.321577 1.221383 0.528699 
19.580791 -4.364861 -2.054827 0.316869 1.222432 0.529193 
19.596634 -4.303739 -2.028367 0.312158 1.223467 0.529681 
19.612242 -4.242566 -2.001883 0.307443 1.224487 0.530162 
19.627614 -4.181341 -1.975375 0.302725 1.225492 0.530637 
19.642751 -4.120067 -1.948843 0.298002 1.226482 0.531106 
19.657651 -4.058743 -1.922288 0.293277 1.227458 0.531568 
19.672315 -3.997370 -1.895710 0.288547 1.228419 0.532024 
19.686742 -3.935949 -1.869109 0.283814 1.229365 0.532473 
19.700933 -3.874481 -1.842485 0.279078 1.230297 0.532916 
19.714887 -3.812966 -1.815839 0.274339 1.231213 0.533352 
19.728604 -3.751405 -1.789171 0.269596 1.232115 0.533783 
19.742083 -3.689799 -1.762482 0.264850 1.233002 0.534206 
19.755326 -3.628149 -1.735772 0.260100 1.233874 0.534624 
19.768331 -3.566456 -1.709041 0.255348 1.234732 0.535034 
19.781098 -3.504719 -1.682289 0.250592 1.235574 0.535439 
19.793628 -3.442940 -1.655517 0.245834 1.236402 0.535837 
19.805920 -3.381120 -1.628725 0.241073 1.237215 0.536228 
19.817973 -3.319259 -1.601914 0.236308 1.238013 0.536614 
19.829789 -3.257359 -1.575083 0.231541 1.238796 0.536992 
19.841366 -3.195419 -1.548234 0.226771 1.239564 0.537364 
19.852704 -3.133441 -1.521365 0.221998 1.240317 0.537730 
19.863804 -3.071425 -1.494479 0.217223 1.241056 0.538089 
19.874665 -3.009372 -1.467574 0.212445 1.241779 0.538442 
19.885288 -2.947283 -1.440652 0.207664 1.242488 0.538789 
19.895671 -2.885159 -1.413713 0.202881 1.243181 0.539128 
19.905815 -2.823000 -1.386756 0.198096 1.243860 0.539462 
19.915720 -2.760807 -1.359783 0.193308 1.244524 0.539789 
19.925385 -2.698580 -1.332794 0.188518 1.245173 0.540109 
19.934811 -2.636322 -1.305788 0.183725 1.245806 0.540423 
19.943997 -2.574031 -1.278767 0.178931 1.246425 0.540730 
19.952944 -2.511710 -1.251731 0.174134 1.247029 0.541031 
19.961650 -2.449359 -1.224679 0.169335 1.247618 0.541326 
19.970117 -2.386978 -1.197613 0.164534 1.248192 0.541614 
19.978344 -2.324568 -1.170532 0.159731 1.248751 0.541895 
19.986330 -2.262131 -1.143437 0.154926 1.249294 0.542170 
19.994077 -2.199666 -1.116329 0.150120 1.249823 0.542438 
20.001583 -2.137175 -1.089207 0.145311 1.250337 0.542700 
20.008848 -2.074658 -1.062072 0.140501 1.250836 0.542956 
20.015873 -2.012116 -1.034924 0.135689 1.251319 0.543204 
20.022658 -1.949550 -1.007764 0.130876 1.251788 0.543447 
20.029202 -1.886961 -0.980592 0.126060 1.252242 0.543682 
20.035505 -1.824349 -0.953408 0.121244 1.252680 0.543912 
20.041567 -1.761715 -0.926212 0.116426 1.253104 0.544134 
20.047388 -1.699060 -0.899005 0.111606 1.253512 0.544350 
20.052968 -1.636384 -0.871788 0.106785 1.253906 0.544560 
20.058308 -1.573689 -0.844560 0.101963 1.254284 0.544763 
20.063406 -1.510974 -0.817322 0.097140 1.254647 0.544960 
20.068263 -1.448242 -0.790074 0.092315 1.254996 0.545149 
20.072879 -1.385492 -0.762816 0.087490 1.255329 0.545333 
20.077253 -1.322726 -0.735550 0.082663 1.255647 0.545510 
20.081386 -1.259944 -0.708274 0.077835 1.255949 0.545680 
20.085278 -1.197146 -0.680990 0.073007 1.256237 0.545844 
20.088928 -1.134334 -0.653698 0.068177 1.256510 0.546001 
20.092337 -1.071509 -0.626398 0.063347 1.256768 0.546151 
20.095505 -1.008670 -0.599090 0.058516 1.257010 0.546295 
20.098430 -0.945820 -0.571775 0.053684 1.257237 0.546433 
20.101115 -0.882958 -0.544454 0.048852 1.257450 0.546564 
20.103557 -0.820085 -0.517126 0.044019 1.257647 0.546688 
20.105758 -0.757203 -0.489791 0.039185 1.257829 0.546806 
20.107717 -0.694312 -0.462451 0.034351 1.257996 0.546917 
20.109435 -0.631412 -0.435105 0.029517 1.258148 0.547022 
20.110911 -0.568505 -0.407754 0.024682 1.258284 0.547120 
20.112145 -0.505590 -0.380398 0.019847 1.258406 0.547211 
20.113137 -0.442670 -0.353037 0.015012 1.258512 0.547296 
20.113888 -0.379744 -0.325673 0.010176 1.258604 0.547374 
20.114397 -0.316814 -0.298304 0.005340 1.258680 0.547446 
20.114664 -0.253880 -0.270932 0.000505 1.258741 0.547511 
20.114689 -0.190943 -0.243556 -0.004331 1.258787 0.547570 
20.114472 -0.128004 -0.216178 -0.009167 1.258817 0.547622 
20.114014 -0.065063 -0.188797 -0.014002 1.258833 0.547667 
20.113314 -0.002121 -0.161413 -0.018837 1.258834 0.547706 
20.112372 0.060820 -0.134028 -0.023673 1.258819 0.547738 
20.111188 0.123761 -0.106641 -0.028507 1.258789 0.547764 
20.109763 0.186701 -0.079253 -0.033342 1.258744 0.547783 
20.108096 0.249638 -0.051864 -0.038176 1.258684 0.547795 
20.106187 0.312572 -0.024474 -0.043010 1.258609 0.547801 
20.104037 0.375503 0.002916 -0.047843 1.258519 0.547800 
20.101644 0.438429 0.030306 -0.052675 1.258413 0.547793 
20.099011 0.501349 0.057696 -0.057507 1.258293 0.547779 
20.096135 0.564264 0.085085 -0.062338 1.258157 0.547759 
20.093018 0.627172 0.112473 -0.067169 1.258007 0.547732 
20.089660 0.690072 0.139859 -0.071999 1.257841 0.547698 
20.086060 0.752964 0.167244 -0.076827 1.257660 0.547658 
20.082219 0.815847 0.194627 -0.081655 1.257463 0.547611 
20.078136 0.878720 0.222008 -0.086482 1.257252 0.547558 
20.073812 0.941583 0.249386 -0.091308 1.257026 0.547498 
20.069246 1.004434 0.276760 -0.096133 1.256784 0.547431 
20.064440 1.067273 0.304132 -0.100956 1.256528 0.547358 
20.059392 1.130100 0.331500 -0.105779 1.256256 0.547278 
20.054103 1.192913 0.358864 -0.110600 1.255969 0.547192 
20.048573 1.255711 0.386223 -0.115420 1.255667 0.547099 
20.042802 1.318494 0.413578 -0.120238 1.255351 0.547000 
20.036790 1.381262 0.440928 -0.125055 1.255018 0.546894 
20.030537 1.444013 0.468273 -0.129871 1.254671 0.546781 
20.024044 1.506746 0.495612 -0.134684 1.254309 0.546662 
20.017310 1.569462 0.522945 -0.139497 1.253932 0.546536 
20.010335 1.632158 0.550272 -0.144307 1.253539 0.546404 
20.003119 1.694835 0.577592 -0.149116 1.253132 0.546265 
19.995664 1.757492 0.604906 -0.153923 1.252709 0.546120 
19.987967 1.820128 0.632212 -0.158728 1.252272 0.545968 
19.980031 1.882741 0.659510 -0.163532 1.251819 0.545809 
19.971854 1.945332 0.686800 -0.168333 1.251352 0.545644 
19.963438 2.007900 0.714083 -0.173132 1.250869 0.545473 
19.954781 2.070443 0.741356 -0.177930 1.250371 0.545294 
19.945885 2.132962 0.768621 -0.182725 1.249858 0.545110 
19.936748 2.195455 0.795876 -0.187518 1.249331 0.544918 
19.927372 2.257921 0.823122 -0.192308 1.248788 0.544720 
19.917757 2.320360 0.850358 -0.197097 1.248230 0.544516 
19.907902 2.382772 0.877584 -0.201883 1.247657 0.544305 
19.897808 2.445155 0.904799 -0.206666 1.247069 0.544087 
19.887475 2.507508 0.932004 -0.211447 1.246466 0.543863 
19.876902 2.569832 0.959197 -0.216226 1.245849 0.543633 
19.866091 2.632124 0.986379 -0.221002 1.245216 0.543396 
19.855041 2.694385 1.013548 -0.225775 1.244568 0.543152 
19.843752 2.756613 1.040706 -0.230545 1.243905 0.542902 
19.832225 2.818809 1.067851 -0.235313 1.243228 0.542645 
19.820459 2.880970 1.094983 -0.240078 1.242535 0.542382 
19.808455 2.943097 1.122102 -0.244840 1.241828 0.542112 
19.796213 3.005188 1.149208 -0.249599 1.241105 0.541836 
19.783733 3.067243 1.176300 -0.254356 1.240368 0.541553 
19.771016 3.129262 1.203377 -0.259109 1.239615 0.541264 
19.758060 3.191242 1.230441 -0.263859 1.238848 0.540968 
19.744867 3.253185 1.257489 -0.268605 1.238066 0.540666 
19.731437 3.315088 1.284522 -0.273349 1.237269 0.540357 
19.717770 3.376952 1.311540 -0.278089 1.236457 0.540041 
19.703865 3.438774 1.338542 -0.282826 1.235631 0.539720 
19.689724 3.500556 1.365528 -0.287560 1.234789 0.539391 
19.675346 3.562295 1.392498 -0.292290 1.233933 0.539057 
19.660731 3.623992 1.419451 -0.297016 1.233061 0.538715 
19.645881 3.685645 1.446386 -0.301739 1.232175 0.538368 
19.630794 3.747254 1.473305 -0.306458 1.231275 0.538013 
19.615471 3.808818 1.500205 -0.311174 1.230359 0.537653 
19.599912 3.870336 1.527088 -0.315886 1.229428 0.537286 
19.584118 3.931807 1.553952 -0.320594 1.228483 0.536912 
19.568088 3.993231 1.580798 -0.325299 1.227523 0.536532 
19.551823 4.054607 1.607625 -0.329999 1.226548 0.536146 
19.535323 4.115935 1.634432 -0.334695 1.225559 0.535753 
19.518588 4.177213 1.661219 -0.339388 1.224555 0.535353 
19.501619 4.238440 1.687987 -0.344076 1.223536 0.534948 
19.484415 4.299617 1.714735 -0.348760 1.222502 0.534535 
19.466977 4.360742 1.741461 -0.353440 1.221454 0.534117 
19.449305 4.421815 1.768167 -0.358116 1.220391 0.533692 
19.431399 4.482835 1.794852 -0.362787 1.219313 0.533260 
19.413260 4.543800 1.821515 -0.367454 1.218221 0.532822 
19.394887 4.604711 1.848156 -0.372117 1.217114 0.532378 
19.376281 4.665567 1.874775 -0.376775 1.215992 0.531927 
19.357443 4.726367 1.901371 -0.381429 1.214856 0.531470 



21.333645 -19.414085 -8.477417 0.800153 0.764272 0.292866 
21.413660 -19.337658 -8.448130 0.797042 0.767081 0.294093 
21.493365 -19.260950 -8.418721 0.793920 0.769879 0.295316 
21.572757 -19.183962 -8.389189 0.790786 0.772666 0.296535 
21.651835 -19.106695 -8.359536 0.787641 0.775441 0.297749 
21.730599 -19.029151 -8.329761 0.784485 0.778205 0.298959 
21.809048 -18.951330 -8.299865 0.781317 0.780958 0.300165 
21.887180 -18.873235 -8.269848 0.778137 0.783700 0.301366 
21.964993 -18.794865 -8.239712 0.774946 0.786430 0.302563 
22.042488 -18.716222 -8.209455 0.771744 0.789149 0.303755 
22.119662 -18.637307 -8.179080 0.768531 0.791856 0.304943 
22.196516 -18.558121 -8.148586 0.765307 0.794552 0.306127 
22.273046 -18.478666 -8.117973 0.762072 0.797236 0.307306 
22.349253 -18.398942 -8.087242 0.758825 0.799909 0.308481 
22.425136 -18.318951 -8.056394 0.755567 0.802570 0.309651 
22.500693 -18.238695 -8.025429 0.752299 0.805219 0.310817 
22.575923 -18.158173 -7.994347 0.749020 0.807857 0.311979 
22.650824 -18.077387 -7.963149 0.745729 0.810483 0.313135 
22.725397 -17.996339 -7.931836 0.742428 0.813097 0.314288 
22.799640 -17.915029 -7.900407 0.739116 0.815700 0.315435 
22.873552 -17.833459 -7.868864 0.735793 0.818290 0.316578 
22.947131 -17.751630 -7.837206 0.732460 0.820869 0.317717 
23.020377 -17.669543 -7.805434 0.729116 0.823435 0.318850 
23.093289 -17.587200 -7.773549 0.725761 0.825990 0.319980 
23.165865 -17.504600 -7.741551 0.722396 0.828533 0.321104 
23.238105 -17.421747 -7.709441 0.719021 0.831064 0.322224 
23.310007 -17.338641 -7.677218 0.715635 0.833582 0.323339 
23.381570 -17.255283 -7.644884 0.712238 0.836089 0.324450 
23.452794 -17.171674 -7.612439 0.708831 0.838583 0.325556 
23.523677 -17.087815 -7.579884 0.705414 0.841066 0.326657 
23.594218 -17.003709 -7.547218 0.701987 0.843536 0.327753 
23.664417 -16.919355 -7.514443 0.698549 0.845993 0.328845 
23.734272 -16.834756 -7.481558 0.695102 0.848439 0.329931 
23.803782 -16.749912 -7.448565 0.691644 0.850872 0.331013 
23.872947 -16.664825 -7.415464 0.688176 0.853293 0.332091 
23.941764 -16.579496 -7.382255 0.684698 0.855701 0.333163 
24.010234 -16.493925 -7.348938 0.681210 0.858097 0.334231 
24.078355 -16.408116 -7.315515 0.677713 0.860481 0.335293 
24.146126 -16.322068 -7.281986 0.674205 0.862851 0.336351 
24.213547 -16.235783 -7.248351 0.670688 0.865210 0.337404 
24.280616 -16.149262 -7.214611 0.667161 0.867556 0.338452 
24.347332 -16.062506 -7.180765 0.663624 0.869889 0.339495 
24.413694 -15.975517 -7.146816 0.660078 0.872210 0.340533 
24.479702 -15.888296 -7.112763 0.656522 0.874518 0.341566 
24.545354 -15.800844 -7.078606 0.652956 0.876813 0.342595 
24.610650 -15.713163 -7.044346 0.649381 0.879096 0.343618 
24.675588 -15.625253 -7.009985 0.645797 0.881365 0.344636 
24.740167 -15.537117 -6.975521 0.642203 0.883622 0.345650 
24.804388 -15.448755 -6.940956 0.638600 0.885866 0.346658 
24.868248 -15.360168 -6.906290 0.634987 0.888098 0.347661 
24.931746 -15.271358 -6.871524 0.631366 0.890316 0.348659 
24.994883 -15.182327 -6.836658 0.627735 0.892521 0.349652 
25.057656 -15.093075 -6.801693 0.624095 0.894714 0.350640 
25.120066 -15.003603 -6.766629 0.620446 0.896893 0.351623 
25.182110 -14.913914 -6.731467 0.616788 0.899060 0.352601 
25.243789 -14.824008 -6.696207 0.613121 0.901213 0.353574 
25.305101 -14.733887 -6.660849 0.609445 0.903353 0.354541 
25.366046 -14.643551 -6.625395 0.605760 0.905481 0.355504 
25.426622 -14.553003 -6.589845 0.602067 0.907595 0.356461 
25.486828 -14.462244 -6.554199 0.598364 0.909695 0.357413 
25.546665 -14.371274 -6.518457 0.594653 0.911783 0.358360 
25.606130 -14.280096 -6.482621 0.590934 0.913857 0.359302 
25.665223 -14.188710 -6.446691 0.587205 0.915919 0.360238 
25.723944 -14.097118 -6.410667 0.583469 0.917966 0.361169 
25.782291 -14.005322 -6.374550 0.579724 0.920001 0.362095 
25.840263 -13.913321 -6.338341 0.575970 0.922022 0.363016 
25.897860 -13.821119 -6.302039 0.572208 0.924030 0.363932 
25.955081 -13.728716 -6.265646 0.568438 0.926024 0.364842 
26.011925 -13.636114 -6.229162 0.564659 0.928005 0.365747 
26.068391 -13.543313 -6.192587 0.560872 0.929972 0.366646 
26.124478 -13.450316 -6.155923 0.557077 0.931926 0.367540 
26.180186 -13.357124 -6.119168 0.553274 0.933866 0.368429 
26.235513 -13.263737 -6.082326 0.549463 0.935793 0.369313 
26.290459 -13.170158 -6.045394 0.545644 0.937706 0.370191 
26.345024 -13.076387 -6.008375 0.541817 0.939605 0.371064 
26.399206 -12.982427 -5.971269 0.537983 0.941491 0.371931 
26.453004 -12.888278 -5.934076 0.534140 0.943364 0.372793 
26.506418 -12.793941 -5.896796 0.530289 0.945222 0.373650 
26.559447 -12.699419 -5.859431 0.526431 0.947067 0.374501 
26.612090 -12.604712 -5.821981 0.522566 0.948898 0.375347 
26.664346 -12.509823 -5.784447 0.518692 0.950715 0.376187 
26.716216 -12.414751 -5.746828 0.514811 0.952518 0.377022 
26.767697 -12.319499 -5.709126 0.510923 0.954308 0.377851 
26.818789 -12.224068 -5.671341 0.507027 0.956084 0.378675 
26.869492 -12.128460 -5.633473 0.503124 0.957845 0.379493 
26.919804 -12.032675 -5.595524 0.499214 0.959593 0.380306 
26.969726 -11.936716 -5.557493 0.495296 0.961327 0.381113 
27.019255 -11.840583 -5.519382 0.491371 0.963047 0.381915 
27.068392 -11.744279 -5.481190 0.487439 0.964753 0.382711 
27.117136 -11.647803 -5.442919 0.483500 0.966445 0.383502 
27.165486 -11.551159 -5.404569 0.479554 0.968123 0.384287 
27.213442 -11.454346 -5.366140 0.475601 0.969787 0.385067 
27.261002 -11.357368 -5.327634 0.471641 0.971437 0.385840 
27.308166 -11.260224 -5.289050 0.467674 0.973073 0.386609 
27.354933 -11.162917 -5.250389 0.463700 0.974694 0.387371 
27.401303 -11.065447 -5.211652 0.459720 0.976302 0.388128 
27.447275 -10.967817 -5.172839 0.455733 0.977895 0.388880 
27.492849 -10.870028 -5.133951 0.451739 0.979474 0.389626 
27.538022 -10.772080 -5.094988 0.447739 0.981039 0.390366 
27.582796 -10.673976 -5.055952 0.443732 0.982589 0.391100 
27.627170 -10.575718 -5.016842 0.439719 0.984125 0.391829 
27.671141 -10.477305 -4.977659 0.435699 0.985647 0.392552 
27.714711 -10.378740 -4.938404 0.431673 0.987155 0.393269 
27.757879 -10.280025 -4.899077 0.427641 0.988648 0.393981 
27.800643 -10.181160 -4.859679 0.423603 0.990127 0.394687 
27.843003 -10.082147 -4.820210 0.419558 0.991592 0.395387 
27.884959 -9.982988 -4.780671 0.415508 0.993042 0.396082 
27.926510 -9.883684 -4.741063 0.411451 0.994478 0.396770 
27.967655 -9.784236 -4.701386 0.407388 0.995899 0.397453 
28.008394 -9.684646 -4.661641 0.403320 0.997306 0.398130 
28.048726 -9.584916 -4.621828 0.399245 0.998698 0.398802 
28.088650 -9.485046 -4.581947 0.395165 1.000076 0.399467 
28.128167 -9.385038 -4.542001 0.391079 1.001439 0.400127 
28.167275 -9.284894 -4.501988 0.386987 1.002788 0.400781 
28.205973 -9.184615 -4.461910 0.382890 1.004122 0.401429 
28.244262 -9.084203 -4.421767 0.378787 1.005442 0.402072 
28.282141 -8.983659 -4.381560 0.374679 1.006747 0.402708 
28.319609 -8.882984 -4.341289 0.370565 1.008037 0.403339 
28.356665 -8.782181 -4.300955 0.366446 1.009313 0.403964 
28.393310 -8.681249 -4.260559 0.362322 1.010574 0.404582 
28.429542 -8.580192 -4.220100 0.358192 1.011820 0.405195 
28.465361 -8.479010 -4.179581 0.354057 1.013052 0.405803 
28.500767 -8.377705 -4.139001 0.349917 1.014269 0.406404 
28.535759 -8.276278 -4.098360 0.345772 1.015471 0.406999 
28.570336 -8.174731 -4.057660 0.341621 1.016659 0.407589 
28.604498 -8.073065 -4.016901 0.337466 1.017831 0.408172 
28.638245 -7.971282 -3.976084 0.333306 1.018989 0.408750 
28.671575 -7.869383 -3.935209 0.329141 1.020132 0.409321 
28.704489 -7.767370 -3.894277 0.324971 1.021261 0.409887 
28.736987 -7.665244 -3.853288 0.320797 1.022374 0.410447 
28.769066 -7.563006 -3.812244 0.316618 1.023473 0.411001 
28.800728 -7.460659 -3.771144 0.312434 1.024557 0.411548 
28.831971 -7.358203 -3.729989 0.308246 1.025625 0.412090 
28.862796 -7.255641 -3.688780 0.304053 1.026679 0.412626 
28.893201 -7.152973 -3.647517 0.299856 1.027719 0.413156 
28.923187 -7.050201 -3.606202 0.295655 1.028743 0.413680 
28.952753 -6.947327 -3.564834 0.291449 1.029752 0.414198 
28.981897 -6.844351 -3.523414 0.287239 1.030746 0.414709 
29.010621 -6.741277 -3.481943 0.283025 1.031725 0.415215 
29.038924 -6.638104 -3.440421 0.278807 1.032690 0.415715 
29.066804 -6.534835 -3.398850 0.274584 1.033639 0.416209 
29.094263 -6.431471 -3.357229 0.270358 1.034573 0.416696 
29.121299 -6.328014 -3.315560 0.266128 1.035492 0.417178 
29.147912 -6.224465 -3.273842 0.261894 1.036397 0.417654 
29.174101 -6.120825 -3.232076 0.257656 1.037286 0.418123 
29.199866 -6.017097 -3.190264 0.253414 1.038160 0.418586 
29.225208 -5.913281 -3.148405 0.249169 1.039019 0.419044 
29.250125 -5.809379 -3.106501 0.244920 1.039863 0.419495 
29.274617 -5.705392 -3.064552 0.240667 1.040691 0.419940 
29.298683 -5.601323 -3.022558 0.236411 1.041505 0.420379 
29.322325 -5.497173 -2.980520 0.232152 1.042304 0.420812 
29.345540 -5.392942 -2.938438 0.227889 1.043087 0.421239 
29.368329 -5.288634 -2.896314 0.223623 1.043855 0.421660 
29.390691 -5.184248 -2.854148 0.219354 1.044608 0.422074 
29.412626 -5.079787 -2.811941 0.215081 1.045346 0.422483 
29.434134 -4.975253 -2.769693 0.210805 1.046069 0.422885 
29.455215 -4.870646 -2.727404 0.206527 1.046776 0.423281 
29.475868 -4.765968 -2.685076 0.202245 1.047469 0.423671 
29.496092 -4.661221 -2.642709 0.197960 1.048146 0.424055 
29.515888 -4.556407 -2.600303 0.193673 1.048808 0.424433 
29.535255 -4.451526 -2.557860 0.189382 1.049454 0.424805 
29.554194 -4.346581 -2.515380 0.185089 1.050086 0.425170 
29.572703 -4.241572 -2.472863 0.180793 1.050702 0.425529 
29.590782 -4.136502 -2.430310 0.176495 1.051303 0.425882 
29.608431 -4.031372 -2.387721 0.172194 1.051888 0.426229 
29.625651 -3.926183 -2.345099 0.167890 1.052459 0.426570 
29.642440 -3.820937 -2.302442 0.163584 1.053014 0.426904 
29.658798 -3.715635 -2.259751 0.159276 1.053553 0.427232 
29.674726 -3.610280 -2.217028 0.154965 1.054078 0.427555 
29.690222 -3.504872 -2.174272 0.150653 1.054587 0.427870 
29.705288 -3.399414 -2.131485 0.146337 1.055081 0.428180 
29.719921 -3.293906 -2.088667 0.142020 1.055559 0.428483 
29.734123 -3.188350 -2.045819 0.137701 1.056023 0.428781 
29.747893 -3.082747 -2.002941 0.133380 1.056470 0.429072 
29.761231 -2.977100 -1.960034 0.129057 1.056903 0.429356 
29.774137 -2.871410 -1.917098 0.124731 1.057320 0.429635 
29.786610 -2.765678 -1.874135 0.120405 1.057722 0.429907 
29.798651 -2.659906 -1.831144 0.116076 1.058108 0.430173 
29.810258 -2.554095 -1.788127 0.111746 1.058479 0.430433 
29.821433 -2.448247 -1.745084 0.107414 1.058835 0.430686 
29.832174 -2.342364 -1.702015 0.103080 1.059175 0.430933 
29.842482 -2.236446 -1.658922 0.098745 1.059500 0.431174 
29.852357 -2.130496 -1.615804 0.094409 1.059809 0.431409 
29.861798 -2.024515 -1.572663 0.090071 1.060103 0.431638 
29.870805 -1.918505 -1.529499 0.085732 1.060382 0.431860 
-3.822740 -29.622154 -8.093632 1.159037 -0.203511 -0.413021 
-3.532981 -29.673032 -8.196887 1.160218 -0.193588 -0.410280 
-3.242926 -29.721429 -8.299457 1.161303 -0.183650 -0.407505 
-2.952601 -29.767341 -8.401333 1.162290 -0.173696 -0.404696 
-2.662028 -29.810765 -8.502507 1.163180 -0.163727 -0.401852 
-2.371233 -29.851697 -8.602970 1.163973 -0.153745 -0.398976 
-2.080240 -29.890133 -8.702714 1.164669 -0.143750 -0.396066 
-1.789073 -29.926071 -8.801731 1.165267 -0.133743 -0.393122 
-1.497756 -29.959507 -8.900011 1.165768 -0.123725 -0.390146 
-1.206314 -29.990438 -8.997548 1.166171 -0.113696 -0.387138 
-0.914771 -30.018862 -9.094332 1.166477 -0.103658 -0.384097 
-0.623152 -30.044777 -9.190356 1.166686 -0.093612 -0.381023 
-0.331480 -30.068180 -9.285612 1.166796 -0.083557 -0.377918 
-0.039781 -30.089069 -9.380092 1.166810 -0.073496 -0.374782 
0.251921 -30.107443 -9.473787 1.166725 -0.063428 -0.371614 
0.543602 -30.123300 -9.566691 1.166544 -0.053355 -0.368415 
0.835238 -30.136639 -9.658794 1.166264 -0.043278 -0.365185 
1.126804 -30.147458 -9.750091 1.165888 -0.033197 -0.361925 
1.418276 -30.155757 -9.840572 1.165413 -0.023113 -0.358634 
1.709630 -30.161535 -9.930230 1.164842 -0.013027 -0.355313 
2.000840 -30.164792 -10.019059 1.164173 -0.002940 -0.351963 
2.291883 -30.165527 -10.107049 1.163406 0.007147 -0.348583 
2.582735 -30.163741 -10.194195 1.162543 0.017233 -0.345175 
2.873370 -30.159432 -10.280489 1.161582 0.027318 -0.341737 
3.163766 -30.152603 -10.365923 1.160524 0.037401 -0.338271 
3.453897 -30.143252 -10.450491 1.159369 0.047481 -0.334776 
3.743739 -30.131382 -10.534185 1.158117 0.057556 -0.331254 
4.033268 -30.116993 -10.616998 1.156768 0.067627 -0.327703 
4.322460 -30.100086 -10.698924 1.155323 0.077692 -0.324126 
4.611291 -30.080663 -10.779955 1.153781 0.087751 -0.320521 
4.899736 -30.058726 -10.860086 1.152142 0.097802 -0.316889 
5.187772 -30.034275 -10.939308 1.150408 0.107846 -0.313231 
5.475374 -30.007314 -11.017616 1.148577 0.117880 -0.309547 
5.762518 -29.977844 -11.095003 1.146650 0.127904 -0.305837 
6.049180 -29.945868 -11.171462 1.144627 0.137918 -0.302102 
6.335337 -29.911388 -11.246987 1.142509 0.147920 -0.298341 
6.620964 -29.874408 -11.321573 1.140295 0.157909 -0.294555 
6.906038 -29.834931 -11.395211 1.137985 0.167886 -0.290744 
7.190534 -29.792959 -11.467897 1.135581 0.177848 -0.286910 
7.474430 -29.748497 -11.539625 1.133081 0.187796 -0.283051 
7.757700 -29.701548 -11.610388 1.130487 0.197728 -0.279168 
8.040322 -29.652116 -11.680180 1.127799 0.207643 -0.275263 
8.322272 -29.600205 -11.748995 1.125016 0.217541 -0.271334 
8.603525 -29.545820 -11.816829 1.122139 0.227421 -0.267383 
8.884060 -29.488965 -11.883675 1.119168 0.237282 -0.263409 
9.163852 -29.429644 -11.949527 1.116104 0.247123 -0.259413 
9.442878 -29.367863 -12.014380 1.112946 0.256943 -0.255395 
9.721115 -29.303628 -12.078229 1.109696 0.266742 -0.251357 
9.998539 -29.236942 -12.141068 1.106352 0.276519 -0.247297 
10.275127 -29.167812 -12.202892 1.102916 0.286272 -0.243216 
10.550856 -29.096244 -12.263696 1.099388 0.296002 -0.239115 
10.825703 -29.022244 -12.323475 1.095768 0.305707 -0.234994 
11.099645 -28.945817 -12.382224 1.092057 0.315386 -0.230854 
11.372659 -28.866971 -12.439937 1.088254 0.325039 -0.226694 
11.644723 -28.785711 -12.496611 1.084360 0.334664 -0.222515 
11.915812 -28.702045 -12.552240 1.080375 0.344262 -0.218318 
12.185906 -28.615979 -12.606819 1.076300 0.353831 -0.214102 
12.454981 -28.527522 -12.660345 1.072136 0.363370 -0.209869 
12.723015 -28.436679 -12.712812 1.067881 0.372879 -0.205618 
12.989986 -28.343459 -12.764216 1.063537 0.382357 -0.201350 
13.255870 -28.247870 -12.814554 1.059105 0.391803 -0.197065 
13.520646 -28.149919 -12.863820 1.054584 0.401216 -0.192763 
13.784292 -28.049615 -12.912011 1.049974 0.410596 -0.188445 
14.046785 -27.946966 -12.959122 1.045277 0.419941 -0.184112 
14.308105 -27.841981 -13.005150 1.040493 0.429251 -0.179763 
14.568228 -27.734668 -13.050091 1.035621 0.438525 -0.175399 
14.827133 -27.625037 -13.093941 1.030663 0.447763 -0.171021 
15.084799 -27.513097 -13.136696 1.025619 0.456963 -0.166628 
15.341204 -27.398856 -13.178353 1.020489 0.466125 -0.162221 
15.596326 -27.282325 -13.218908 1.015274 0.475248 -0.157801 
15.850144 -27.163513 -13.258359 1.009973 0.484331 -0.153368 
16.102638 -27.042430 -13.296701 1.004589 0.493374 -0.148921 
16.353785 -26.919087 -13.333931 0.999120 0.502375 -0.144463 
16.603565 -26.793493 -13.370047 0.993568 0.511335 -0.139992 
16.851957 -26.665659 -13.405045 0.987933 0.520251 -0.135509 
17.098940 -26.535597 -13.438922 0.982215 0.529125 -0.131015 
17.344494 -26.403315 -13.471676 0.976416 0.537954 -0.126511 
17.588598 -26.268827 -13.503303 0.970534 0.546738 -0.121995 
17.831232 -26.132143 -13.533802 0.964571 0.555476 -0.117470 
18.072374 -25.993274 -13.563170 0.958528 0.564168 -0.112934 
18.312006 -25.852232 -13.591403 0.952405 0.572813 -0.108389 
18.550108 -25.709028 -13.618501 0.946202 0.581409 -0.103836 
18.786658 -25.563676 -13.644459 0.939920 0.589958 -0.099273 
19.021638 -25.416187 -13.669278 0.933559 0.598457 -0.094702 
19.255028 -25.266572 -13.692953 0.927120 0.606906 -0.090123 
19.486808 -25.114846 -13.715484 0.920604 0.615304 -0.085537 
19.716959 -24.961020 -13.736868 0.914011 0.623650 -0.080943 
19.945462 -24.805108 -13.757104 0.907342 0.631945 -0.076343 
20.172297 -24.647121 -13.776190 0.900596 0.640187 -0.071737 
20.397446 -24.487075 -13.794124 0.893775 0.648375 -0.067124 
20.620890 -24.324981 -13.810905 0.886880 0.656509 -0.062506 
20.842610 -24.160853 -13.826531 0.879910 0.664588 -0.057882 
21.062588 -23.994706 -13.841002 0.872867 0.672612 -0.053254 
21.280805 -23.826553 -13.854315 0.865751 0.680579 -0.048621 
21.497242 -23.656409 -13.866471 0.858563 0.688490 -0.043984 
21.711883 -23.484286 -13.877467 0.851302 0.696343 -0.039344 
21.924709 -23.310200 -13.887303 0.843971 0.704137 -0.034700 
22.135701 -23.134166 -13.895978 0.836569 0.711873 -0.030053 
22.344844 -22.956198 -13.903491 0.829097 0.719550 -0.025404 
22.552118 -22.776310 -13.909842 0.821556 0.727166 -0.020753 
22.757507 -22.594519 -13.915030 0.813946 0.734721 -0.016100 
22.960993 -22.410839 -13.919055 0.806268 0.742215 -0.011445 
23.162560 -22.225285 -13.921917 0.798523 0.749647 -0.006790 
23.362191 -22.037873 -13.923614 0.790711 0.757016 -0.002134 
23.559869 -21.848619 -13.924148 0.782832 0.764322 0.002522 
23.755577 -21.657538 -13.923517 0.774889 0.771564 0.007178 
23.949299 -21.464647 -13.921723 0.766880 0.778742 0.011833 
24.141019 -21.269962 -13.918765 0.758808 0.785854 0.016487 
24.330721 -21.073498 -13.914643 0.750672 0.792901 0.021140 
24.518389 -20.875273 -13.909358 0.742473 0.799882 0.025792 
24.704007 -20.675302 -13.902910 0.734212 0.806795 0.030441 
24.887560 -20.473603 -13.895300 0.725890 0.813642 0.035087 
25.069033 -20.270193 -13.886528 0.717507 0.820420 0.039731 
25.248410 -20.065088 -13.876595 0.709064 0.827129 0.044371 
25.425676 -19.858306 -13.865502 0.700562 0.833770 0.049007 
25.600816 -19.649863 -13.853251 0.692002 0.840340 0.053640 
25.773817 -19.439778 -13.839841 0.683383 0.846841 0.058268 
25.944662 -19.228068 -13.825274 0.674707 0.853271 0.062891 
26.113339 -19.014750 -13.809551 0.665975 0.859629 0.067508 
26.279833 -18.799843 -13.792674 0.657188 0.865916 0.072121 
26.444130 -18.583364 -13.774644 0.648345 0.872130 0.076727 
26.606216 -18.365332 -13.755462 0.639448 0.878271 0.081326 
26.766078 -18.145764 -13.735131 0.630498 0.884339 0.085919 
26.923703 -17.924679 -13.713651 0.621495 0.890332 0.090505 
27.079077 -17.702096 -13.691025 0.612440 0.896252 0.095083 
27.232186 -17.478033 -13.667254 0.603334 0.902096 0.099653 
27.383020 -17.252509 -13.642341 0.594177 0.907865 0.104215 
27.531564 -17.025543 -13.616287 0.584971 0.913559 0.108768 
27.677807 -16.797153 -13.589095 0.575715 0.919175 0.113312 
27.821736 -16.567359 -13.560767 0.566412 0.924715 0.117847 
27.963339 -16.336181 -13.531305 0.557061 0.930178 0.122372 
28.102604 -16.103636 -13.500712 0.547664 0.935563 0.126886 
28.239520 -15.869745 -13.468990 0.538221 0.940870 0.131390 
28.374075 -15.634528 -13.436143 0.528733 0.946098 0.135883 
28.506259 -15.398004 -13.402172 0.519201 0.951247 0.140365 
28.636059 -15.160192 -13.367081 0.509625 0.956316 0.144834 
28.763465 -14.921113 -13.330872 0.500007 0.961306 0.149292 
28.888467 -14.680786 -13.293549 0.490347 0.966215 0.153737 
29.011054 -14.439233 -13.255115 0.480646 0.971043 0.158170 
29.131215 -14.196472 -13.215572 0.470905 0.975790 0.162589 
29.248941 -13.952524 -13.174925 0.461124 0.980456 0.166995 
29.364222 -13.707411 -13.133176 0.451305 0.985039 0.171386 
29.477049 -13.461151 -13.090330 0.441448 0.989541 0.175763 
29.587411 -13.213765 -13.046389 0.431554 0.993959 0.180126 
29.695299 -12.965276 -13.001357 0.421625 0.998295 0.184474 
29.800706 -12.715702 -12.955239 0.411660 1.002547 0.188806 
29.903620 -12.465065 -12.908038 0.401660 1.006715 0.193122 
30.004035 -12.213387 -12.859757 0.391627 1.010799 0.197422 
30.101942 -11.960687 -12.810402 0.381561 1.014799 0.201706 
30.197333 -11.706987 -12.759975 0.371463 1.018713 0.205973 
30.290198 -11.452309 -12.708482 0.361335 1.022543 0.210222 
30.380532 -11.196673 -12.655926 0.351176 1.026287 0.214454 
30.468326 -10.940101 -12.602313 0.340987 1.029945 0.218668 
30.553573 -10.682615 -12.547646 0.330771 1.033517 0.222864 
30.636265 -10.424236 -12.491930 0.320526 1.037003 0.227041 
30.716397 -10.164985 -12.435169 0.310255 1.040402 0.231200 
30.793961 -9.904885 -12.377369 0.299958 1.043714 0.235339 
30.868950 -9.643956 -12.318535 0.289635 1.046939 0.239458 
30.941359 -9.382221 -12.258670 0.279289 1.050076 0.243557 
31.011181 -9.119702 -12.197781 0.268919 1.053126 0.247636 
31.078411 -8.856421 -12.135872 0.258527 1.056087 0.251694 
31.143043 -8.592399 -12.072949 0.248113 1.058961 0.255731 
31.205071 -8.327659 -12.009016 0.237678 1.061745 0.259747 
31.264490 -8.062222 -11.944079 0.227223 1.064441 0.263741 
31.321296 -7.796112 -11.878144 0.216750 1.067048 0.267713 
31.375484 -7.529350 -11.811216 0.206258 1.069566 0.271662 
31.427048 -7.261958 -11.743300 0.195749 1.071994 0.275589 
31.475985 -6.993960 -11.674403 0.185224 1.074333 0.279493 
31.522291 -6.725377 -11.604530 0.174683 1.076582 0.283373 
31.565962 -6.456231 -11.533687 0.164128 1.078741 0.287230 
31.606994 -6.186546 -11.461879 0.153559 1.080810 0.291063 
31.645384 -5.916343 -11.389113 0.142977 1.082788 0.294871 
31.681128 -5.645646 -11.315396 0.132383 1.084676 0.298655 
31.714224 -5.374478 -11.240732 0.121778 1.086473 0.302414 
31.744668 -5.102859 -11.165128 0.111163 1.088179 0.306147 
31.772459 -4.830814 -11.088592 0.100539 1.089795 0.309855 
31.797594 -4.558366 -11.011128 0.089906 1.091319 0.313537 
31.820070 -4.285536 -10.932744 0.079265 1.092752 0.317193 
31.839887 -4.012348 -10.853445 0.068618 1.094094 0.320822 
31.857041 -3.738825 -10.773240 0.057966 1.095344 0.324425 
31.871533 -3.464989 -10.692134 0.047308 1.096503 0.328000 
31.883360 -3.190863 -10.610134 0.036647 1.097570 0.331548 
31.892521 -2.916471 -10.527247 0.025982 1.098545 0.335068 
31.899017 -2.641834 -10.443479 0.015315 1.099428 0.338560 
31.902846 -2.366977 -10.358839 0.004647 1.100220 0.342024 
31.904008 -2.091922 -10.273333 -0.006021 1.100919 0.345460 
31.902502 -1.816693 -10.186968 -0.016689 1.101527 0.348866 
31.898330 -1.541311 -10.099752 -0.027355 1.102042 0.352243 
31.891491 -1.265800 -10.011691 -0.038020 1.102465 0.355591 
31.881986 -0.990184 -9.922793 -0.048681 1.102797 0.358909 
31.869816 -0.714485 -9.833066 -0.059338 1.103035 0.362197 
31.854982 -0.438726 -9.742517 -0.069990 1.103182 0.365455 
31.837484 -0.162930 -9.651153 -0.080636 1.103237 0.368682 
31.817325 0.112879 -9.558982 -0.091275 1.103199 0.371879 
31.794506 0.388678 -9.466012 -0.101907 1.103069 0.375044 
31.769030 0.664446 -9.372251 -0.112530 1.102847 0.378178 
31.740897 0.940157 -9.277707 -0.123144 1.102532 0.381281 
31.710111 1.215790 -9.182387 -0.133748 1.102126 0.384351 
31.676674 1.491322 -9.086299 -0.144340 1.101627 0.387389 
31.640589 1.766729 -8.989452 -0.154920 1.101036 0.390395 
31.601859 2.041988 -8.891853 -0.165488 1.100354 0.393369 
31.560487 2.317076 -8.793511 -0.176041 1.099579 0.396309 
31.516477 2.591971 -8.694433 -0.186580 1.098712 0.399217 
31.469832 2.866649 -8.594629 -0.197103 1.097753 0.402091 
31.420556 3.141087 -8.494106 -0.207610 1.096703 0.404931 
31.368653 3.415263 -8.392874 -0.218100 1.095561 0.407737 
31.314128 3.689153 -8.290939 -0.228571 1.094327 0.410510 
31.256986 3.962735 -8.188312 -0.239023 1.093002 0.413248 
31.197230 4.235986 -8.085000 -0.249455 1.091586 0.415951 
31.134866 4.508882 -7.981012 -0.259866 1.090078 0.418620 
31.069900 4.781402 -7.876357 -0.270255 1.088479 0.421254 
31.002336 5.053521 -7.771044 -0.280622 1.086789 0.423853 
30.932180 5.325219 -7.665080 -0.290966 1.085009 0.426416 
30.859439 5.596471 -7.558476 -0.301285 1.083137 0.428943 
30.784118 5.867255 -7.451241 -0.311579 1.081175 0.431435 
30.706223 6.137549 -7.343382 -0.321847 1.079123 0.433890 
30.625761 6.407330 -7.234909 -0.332088 1.076980 0.436310 
30.542739 6.676575 -7.125832 -0.342301 1.074748 0.438692 
30.457164 6.945262 -7.016159 -0.352486 1.072425 0.441039 
30.369043 7.213368 -6.905899 -0.362641 1.070013 0.443348 
30.278383 7.480871 -6.795062 -0.372765 1.067512 0.445620 
30.185191 7.747749 -6.683657 -0.382859 1.064921 0.447855 
30.089476 8.013980 -6.571693 -0.392921 1.062241 0.450053 
29.991246 8.279540 -6.459180 -0.402950 1.059473 0.452212 
29.890509 8.544408 -6.346127 -0.412945 1.056615 0.454335 
29.787273 8.808562 -6.232544 -0.422905 1.053670 0.456419 
29.681546 9.071979 -6.118439 -0.432830 1.050636 0.458465 
29.573339 9.334639 -6.003823 -0.442720 1.047515 0.460472 
29.462659 9.596517 -5.888705 -0.452572 1.044306 0.462441 
29.349516 9.857594 -5.773094 -0.462386 1.041010 0.464372 
29.233920 10.117846 -5.657001 -0.472161 1.037626 0.466263 
29.115879 10.377253 -5.540435 -0.481897 1.034156 0.468116 
28.995405 10.635792 -5.423406 -0.491593 1.030600 0.469930 
28.872507 10.893442 -5.305924 -0.501248 1.026957 0.471704 
28.747195 11.150181 -5.187998 -0.510861 1.023229 0.473439 
28.619479 11.405988 -5.069638 -0.520431 1.019415 0.475134 
28.489372 11.660842 -4.950855 -0.529957 1.015515 0.476789 
28.356882 11.914721 -4.831658 -0.539440 1.011531 0.478405 
28.222023 12.167603 -4.712056 -0.548877 1.007462 0.479981 
28.084803 12.419469 -4.592061 -0.558268 1.003309 0.481516 
27.945236 12.670296 -4.471682 -0.567613 0.999073 0.483012 
27.803333 12.920065 -4.350929 -0.576910 0.994752 0.484467 
27.659106 13.168753 -4.229812 -0.586159 0.990349 0.485881 
27.512566 13.416340 -4.108342 -0.595359 0.985862 0.487255 
27.363726 13.662805 -3.986528 -0.604509 0.981294 0.488588 
27.212599 13.908129 -3.864381 -0.613609 0.976643 0.489880 
27.059197 14.152290 -3.741911 -0.622657 0.971911 0.491131 
26.903533 14.395267 -3.619129 -0.631653 0.967097 0.492342 
26.745619 14.637041 -3.496043 -0.640597 0.962202 0.493511 
26.585470 14.877592 -3.372666 -0.649487 0.957227 0.494638 
26.423098 15.116899 -3.249006 -0.658322 0.952173 0.495725 
26.258518 15.354942 -3.125075 -0.667103 0.947038 0.496770 
26.091742 15.591701 -3.000882 -0.675828 0.941824 0.497773 
25.922785 15.827158 -2.876439 -0.684496 0.936532 0.498735 
25.751661 16.061290 -2.751755 -0.693107 0.931161 0.499655 
25.578384 16.294081 -2.626842 -0.701660 0.925712 0.500534 
25.402969 16.525509 -2.501708 -0.710155 0.920186 0.501370 
25.225430 16.755556 -2.376366 -0.718590 0.914584 0.502165 
25.045783 16.984201 -2.250824 -0.726965 0.908904 0.502917 
24.864042 17.211427 -2.125095 -0.735279 0.903149 0.503628 
24.680222 17.437215 -1.999188 -0.743532 0.897318 0.504297 
24.494339 17.661544 -1.873114 -0.751723 0.891412 0.504923 
24.306408 17.884397 -1.746883 -0.759851 0.885432 0.505507 
24.116445 18.105755 -1.620506 -0.767915 0.879377 0.506049 
23.924467 18.325600 -1.493994 -0.775915 0.873250 0.506549 
23.730488 18.543912 -1.367357 -0.783850 0.867049 0.507006 
23.534525 18.760674 -1.240605 -0.791720 0.860775 0.507421 
23.336595 18.975868 -1.113750 -0.799524 0.854430 0.507793 
23.136714 19.189475 -0.986802 -0.807260 0.848013 0.508123 
22.934899 19.401479 -0.859771 -0.814930 0.841525 0.508411 
22.731167 19.611860 -0.732669 -0.822531 0.834967 0.508656 
22.525534 19.820602 -0.605505 -0.830063 0.828340 0.508858 
22.318018 20.027687 -0.478290 -0.837526 0.821642 0.509018 
22.108637 20.233097 -0.351036 -0.844919 0.814877 0.509135 
21.897407 20.436816 -0.223752 -0.852241 0.808043 0.509210 
21.684347 20.638827 -0.096449 -0.859492 0.801141 0.509242 
21.469473 20.839113 0.030861 -0.866671 0.794173 0.509232 
21.252806 21.037656 0.158169 -0.873778 0.787138 0.509179 

