0.091560 -0.392297 -0.219048 7.966223 2.568330 0.545832 
0.131391 -0.379455 -0.216318 7.699994 3.337195 0.984144 
0.169891 -0.362769 -0.211398 7.355755 4.072252 1.412486 
0.206670 -0.342408 -0.204335 6.936994 4.766051 1.826518 
0.241355 -0.318578 -0.195203 6.447952 5.411565 2.222044 
0.273594 -0.291520 -0.184093 5.893586 6.002253 2.595059 
0.303062 -0.261509 -0.171117 5.279510 6.532131 2.941783 
0.329460 -0.228848 -0.156408 4.611947 6.995831 3.258703 
0.352520 -0.193869 -0.140115 3.897659 7.388656 3.542609 
0.372008 -0.156926 -0.122402 3.143883 7.706624 3.790623 
0.387727 -0.118393 -0.103449 2.358256 7.946515 4.000235 
0.399519 -0.078660 -0.083447 1.548737 8.105899 4.169319 
0.407262 -0.038130 -0.062601 0.723528 8.183160 4.296163 
0.410880 0.002785 -0.041120 -0.109011 8.177516 4.379482 
0.410335 0.043673 -0.019223 -0.940447 8.089025 4.418432 
0.405633 0.084118 0.002870 -1.762354 7.918582 4.412617 
0.396821 0.123711 0.024933 -2.566406 7.667914 4.362098 
0.383989 0.162051 0.046743 -3.344458 7.339562 4.267385 
0.367267 0.198748 0.068080 -4.088627 6.936851 4.129439 
0.346823 0.233433 0.088727 -4.791373 6.463862 3.949657 
0.322867 0.265752 0.108475 -5.445576 5.925386 3.729860 
0.295639 0.295379 0.127125 -6.044610 5.326879 3.472275 
0.265416 0.322013 0.144486 -6.582405 4.674404 3.179512 
0.232504 0.345385 0.160384 -7.053512 3.974572 2.854537 
0.197236 0.365258 0.174656 -7.453158 3.234473 2.500642 
0.159970 0.381430 0.187160 -7.777296 2.461605 2.121413 
0.121084 0.393738 0.197767 -8.022640 1.663799 1.720691 
0.080971 0.402057 0.206370 -8.186706 0.849135 1.302536 
0.040037 0.406303 0.212883 -8.267830 0.025870 0.871185 
-0.001302 0.406432 0.217239 -8.265192 -0.797658 0.431009 
-0.042628 0.402444 0.219394 -8.178817 -1.613105 -0.013535 
-0.083522 0.394379 0.219326 -8.009582 -2.412209 -0.457941 
-0.123570 0.382318 0.217036 -7.759200 -3.186875 -0.897708 
-0.162366 0.366383 0.212548 -7.430208 -3.929253 -1.328380 
-0.199517 0.346737 0.205906 -7.025939 -4.631824 -1.745594 
-0.234647 0.323578 0.197178 -6.550490 -5.287469 -2.145123 
-0.267399 0.297141 0.186452 -6.008676 -5.889546 -2.522920 
-0.297443 0.267693 0.173838 -5.405987 -6.431955 -2.875156 
-0.324473 0.235533 0.159462 -4.748529 -6.909200 -3.198264 
-0.348215 0.200987 0.143471 -4.042963 -7.316447 -3.488969 
-0.368430 0.164405 0.126026 -3.296437 -7.649570 -3.744327 
-0.384912 0.126157 0.107304 -2.516515 -7.905193 -3.961751 
-0.397495 0.086631 0.087495 -1.711097 -8.080728 -4.139037 
-0.406050 0.046227 0.066800 -0.888343 -8.174396 -4.274390 
-0.410492 0.005355 0.045428 -0.056590 -8.185247 -4.366439 
-0.410775 -0.035571 0.023596 0.775737 -8.113172 -4.414250 
-0.406896 -0.076137 0.001525 1.600205 -7.958901 -4.417340 
-0.398895 -0.115931 -0.020562 2.408460 -7.723997 -4.375677 
-0.386853 -0.154551 -0.042440 3.192315 -7.410840 -4.289683 
-0.370891 -0.191605 -0.063889 3.943828 -7.022602 -4.160229 
-0.351172 -0.226718 -0.084690 4.655386 -6.563217 -3.988628 
-0.327895 -0.259535 -0.104633 5.319779 -6.037339 -3.776617 
-0.301296 -0.289721 -0.123516 5.930276 -5.450296 -3.526345 
-0.271645 -0.316973 -0.141148 6.480693 -4.808034 -3.240346 
-0.239242 -0.341013 -0.157349 6.965453 -4.117062 -2.921519 
-0.204414 -0.361598 -0.171957 7.379644 -3.384379 -2.573094 
-0.167516 -0.378520 -0.184823 7.719071 -2.617408 -2.198600 
-0.128921 -0.391607 -0.195816 7.980295 -1.823920 -1.801831 
-0.089019 -0.400727 -0.204825 8.160669 -1.011953 -1.386808 
-0.048216 -0.405786 -0.211759 8.258365 -0.189734 -0.957735 
-0.006924 -0.406735 -0.216547 8.272395 0.634407 -0.518959 
0.034438 -0.403563 -0.219142 8.202616 1.452121 -0.074926 
0.075451 -0.396303 -0.219517 8.049734 2.255123 0.369867 
0.115700 -0.385027 -0.217667 7.815299 3.035278 0.810913 
0.154776 -0.369850 -0.213613 7.501686 3.784683 1.243743 
0.192285 -0.350927 -0.207394 7.112072 4.495743 1.663972 
0.227845 -0.328448 -0.199074 6.650405 5.161257 2.067344 
0.261097 -0.302642 -0.188738 6.121361 5.774481 2.449771 
0.291704 -0.273770 -0.176489 5.530300 6.329203 2.807378 
0.319355 -0.242124 -0.162452 4.883211 6.819803 3.136544 
0.343771 -0.208025 -0.146769 4.186649 7.241310 3.433933 
0.364705 -0.171818 -0.129599 3.447672 7.589454 3.696532 
0.381943 -0.133871 -0.111117 2.673765 7.860707 3.921681 
0.395312 -0.094567 -0.091508 1.872771 8.052323 4.107098 
0.404676 -0.054306 -0.070973 1.052803 8.162359 4.250906 
0.409940 -0.013494 -0.049718 0.222168 8.189701 4.351648 
0.411051 0.027455 -0.027960 -0.610717 8.134071 4.408301 
0.407997 0.068125 -0.005919 -1.437415 7.996034 4.420294 
0.400810 0.108105 0.016183 -2.249550 7.776988 4.387504 
0.389562 0.146990 0.038120 -3.038894 7.479151 4.310263 
0.374368 0.184386 0.059672 -3.797451 7.105542 4.189354 
0.355380 0.219914 0.080618 -4.517536 6.659945 4.026002 
0.332793 0.253213 0.100748 -5.191852 6.146876 3.821862 
0.306833 0.283948 0.119858 -5.813569 5.571531 3.579002 
0.277766 0.311805 0.137753 -6.376387 4.939740 3.299883 
0.245884 0.336504 0.154252 -6.874605 4.257903 2.987331 
0.211511 0.357794 0.169189 -7.303176 3.532929 2.644515 
0.174995 0.375458 0.182411 -7.657756 2.772163 2.274907 
0.136706 0.389319 0.193786 -7.934755 1.983311 1.882251 
0.097032 0.399236 0.203197 -8.131365 1.174366 1.470525 
0.056375 0.405107 0.210550 -8.245595 0.353523 1.043902 
0.015147 0.406875 0.215769 -8.276287 -0.470902 0.606702 
-0.026234 0.404520 0.218803 -8.223130 -1.290556 0.163356 
-0.067350 0.398068 0.219620 -8.086664 -2.097134 -0.281645 
-0.107783 0.387582 0.218211 -7.868270 -2.882467 -0.723792 
-0.147124 0.373170 0.214592 -7.570162 -3.638597 -1.158607 
-0.184975 0.354977 0.208799 -7.195358 -4.357863 -1.581684 
-0.220952 0.333187 0.200891 -6.747658 -5.032979 -1.988736 
-0.254690 0.308022 0.190947 -6.231595 -5.657105 -2.375641 
-0.285848 0.279737 0.179069 -5.652399 -6.223918 -2.738477 
-0.314110 0.248617 0.165377 -5.015938 -6.727676 -3.073569 



0.072819 -0.657858 -0.300744 7.300409 1.183248 -0.093966 
0.080119 -0.656675 -0.300838 7.292186 1.250645 -0.063090 
0.087412 -0.655424 -0.300901 7.283215 1.317913 -0.032208 
0.094695 -0.654107 -0.300933 7.273496 1.385046 -0.001322 
0.101968 -0.652722 -0.300935 7.263031 1.452036 0.029564 
0.109231 -0.651269 -0.300905 7.251820 1.518878 0.060446 
0.116483 -0.649751 -0.300845 7.239865 1.585564 0.091323 
0.123723 -0.648165 -0.300753 7.227167 1.652087 0.122190 
0.130950 -0.646513 -0.300631 7.213727 1.718440 0.153045 
0.138164 -0.644795 -0.300478 7.199547 1.784617 0.183884 
0.145364 -0.643010 -0.300294 7.184628 1.850611 0.214704 
0.152548 -0.641159 -0.300080 7.168971 1.916415 0.245502 
0.159717 -0.639243 -0.299834 7.152579 1.982022 0.276275 
0.166870 -0.637261 -0.299558 7.135453 2.047426 0.307019 
0.174005 -0.635213 -0.299251 7.117594 2.112620 0.337732 
0.181123 -0.633101 -0.298913 7.099005 2.177597 0.368410 
0.188222 -0.630923 -0.298545 7.079687 2.242350 0.399051 
0.195301 -0.628681 -0.298146 7.059643 2.306874 0.429650 
0.202361 -0.626374 -0.297716 7.038874 2.371160 0.460206 
0.209400 -0.624003 -0.297256 7.017383 2.435203 0.490714 
0.216417 -0.621568 -0.296765 6.995171 2.498997 0.521172 
0.223413 -0.619069 -0.296244 6.972242 2.562533 0.551576 
0.230385 -0.616506 -0.295692 6.948597 2.625807 0.581924 
0.237333 -0.613880 -0.295110 6.924238 2.688812 0.612212 
0.244258 -0.611191 -0.294498 6.899170 2.751540 0.642437 
0.251157 -0.608440 -0.293856 6.873393 2.813986 0.672596 
0.258030 -0.605626 -0.293183 6.846910 2.876143 0.702687 
0.264877 -0.602750 -0.292481 6.819725 2.938005 0.732705 
0.271697 -0.599812 -0.291748 6.791840 2.999565 0.762648 
0.278489 -0.596812 -0.290985 6.763258 3.060818 0.792512 
0.285252 -0.593751 -0.290193 6.733982 3.121756 0.822296 
0.291986 -0.590630 -0.289370 6.704014 3.182374 0.851994 
0.298690 -0.587447 -0.288518 6.673359 3.242666 0.881606 
0.305363 -0.584205 -0.287637 6.642019 3.302624 0.911127 
0.312005 -0.580902 -0.286726 6.609997 3.362244 0.940554 
0.318615 -0.577540 -0.285785 6.577296 3.421518 0.969885 
0.325193 -0.574118 -0.284815 6.543921 3.480442 0.999117 
0.331736 -0.570638 -0.283816 6.509874 3.539008 1.028246 
0.338246 -0.567099 -0.282788 6.475159 3.597211 1.057269 
0.344722 -0.563502 -0.281731 6.439779 3.655045 1.086184 
0.351161 -0.559847 -0.280644 6.403738 3.712503 1.114987 
0.357565 -0.556134 -0.279529 6.367040 3.769581 1.143676 
0.363932 -0.552364 -0.278386 6.329689 3.826272 1.172247 
0.370262 -0.548538 -0.277213 6.291688 3.882570 1.200699 
0.376553 -0.544656 -0.276013 6.253041 3.938469 1.229027 
0.382806 -0.540717 -0.274784 6.213753 3.993964 1.257228 
0.389020 -0.536723 -0.273526 6.173826 4.049050 1.285301 
0.395194 -0.532674 -0.272241 6.133267 4.103720 1.313242 
0.401327 -0.528570 -0.270928 6.092077 4.157968 1.341048 
0.407419 -0.524412 -0.269587 6.050263 4.211790 1.368717 
0.413470 -0.520201 -0.268218 6.007827 4.265180 1.396245 
0.419478 -0.515935 -0.266822 5.964775 4.318132 1.423629 
0.425442 -0.511617 -0.265398 5.921110 4.370641 1.450868 
0.431363 -0.507247 -0.263947 5.876838 4.422701 1.477958 
0.437240 -0.502824 -0.262469 5.831963 4.474307 1.504896 
0.443072 -0.498350 -0.260965 5.786489 4.525454 1.531679 
0.448859 -0.493824 -0.259433 5.740422 4.576137 1.558305 
0.454599 -0.489248 -0.257875 5.693765 4.626350 1.584772 
0.460293 -0.484622 -0.256290 5.646524 4.676088 1.611076 
0.465939 -0.479946 -0.254679 5.598703 4.725346 1.637214 
0.471538 -0.475220 -0.253042 5.550308 4.774119 1.663184 
0.477088 -0.470446 -0.251378 5.501343 4.822402 1.688984 
0.482590 -0.465624 -0.249689 5.451813 4.870191 1.714610 
0.488042 -0.460754 -0.247975 5.401724 4.917479 1.740061 
0.493443 -0.455836 -0.246235 5.351081 4.964263 1.765333 
0.498794 -0.450872 -0.244469 5.299888 5.010537 1.790423 
0.504094 -0.445861 -0.242679 5.248151 5.056297 1.815330 
0.509342 -0.440805 -0.240864 5.195876 5.101538 1.840050 
0.514538 -0.435703 -0.239024 5.143068 5.146256 1.864582 
0.519681 -0.430557 -0.237159 5.089731 5.190445 1.888922 
0.524771 -0.425367 -0.235270 5.035873 5.234102 1.913069 
0.529807 -0.420133 -0.233357 4.981497 5.277221 1.937019 
0.534788 -0.414855 -0.231420 4.926610 5.319799 1.960770 
0.539715 -0.409536 -0.229459 4.871218 5.361831 1.984320 
0.544586 -0.404174 -0.227475 4.815325 5.403312 2.007667 
0.549402 -0.398771 -0.225467 4.758939 5.444239 2.030807 
0.554161 -0.393326 -0.223436 4.702063 5.484607 2.053739 
0.558863 -0.387842 -0.221383 4.644706 5.524413 2.076460 
0.563507 -0.382317 -0.219306 4.586871 5.563651 2.098968 
0.568094 -0.376754 -0.217207 4.528566 5.602318 2.121261 
0.572623 -0.371151 -0.215086 4.469796 5.640411 2.143336 
0.577093 -0.365511 -0.212943 4.410568 5.677924 2.165191 
0.581503 -0.359833 -0.210777 4.350886 5.714855 2.186823 
0.585854 -0.354118 -0.208591 4.290759 5.751199 2.208231 
0.590145 -0.348367 -0.206382 4.230190 5.786953 2.229413 
0.594375 -0.342580 -0.204153 4.169188 5.822113 2.250366 
0.598544 -0.336758 -0.201903 4.107758 5.856675 2.271088 
0.602652 -0.330901 -0.199632 4.045906 5.890636 2.291576 
0.606698 -0.325011 -0.197340 3.983639 5.923993 2.311830 
0.610681 -0.319087 -0.195028 3.920963 5.956742 2.331846 
0.614602 -0.313130 -0.192696 3.857884 5.988879 2.351623 
0.618460 -0.307141 -0.190345 3.794410 6.020402 2.371159 
0.622255 -0.301121 -0.187974 3.730546 6.051307 2.390451 
0.625985 -0.295069 -0.185583 3.666300 6.081591 2.409498 
0.629652 -0.288988 -0.183174 3.601677 6.111250 2.428298 
0.633253 -0.282876 -0.180745 3.536684 6.140283 2.446848 
0.636790 -0.276736 -0.178298 3.471329 6.168685 2.465147 
0.640261 -0.270567 -0.175833 3.405617 6.196454 2.483194 
0.643667 -0.264371 -0.173350 3.339555 6.223587 2.500985 
0.647006 -0.258147 -0.170849 3.273151 6.250082 2.518520 
0.650280 -0.251897 -0.168331 3.206411 6.275934 2.535796 
0.653486 -0.245621 -0.165795 3.139342 6.301143 2.552812 
0.656625 -0.239320 -0.163242 3.071951 6.325705 2.569566 
0.659697 -0.232994 -0.160672 3.004244 6.349618 2.586056 
0.662702 -0.226645 -0.158086 2.936229 6.372879 2.602281 
0.665638 -0.220272 -0.155484 2.867913 6.395487 2.618239 
0.668506 -0.213876 -0.152866 2.799302 6.417437 2.633928 
0.671305 -0.207459 -0.150232 2.730404 6.438729 2.649347 
0.674035 -0.201020 -0.147583 2.661226 6.459361 2.664493 
0.676697 -0.194561 -0.144918 2.591775 6.479329 2.679367 
0.679288 -0.188082 -0.142239 2.522058 6.498632 2.693965 
0.681810 -0.181583 -0.139545 2.452081 6.517269 2.708287 
0.684262 -0.175066 -0.136836 2.381854 6.535236 2.722331 
0.686644 -0.168531 -0.134114 2.311381 6.552533 2.736095 
0.688956 -0.161978 -0.131378 2.240672 6.569157 2.749579 
0.691196 -0.155409 -0.128628 2.169732 6.585107 2.762781 
0.693366 -0.148824 -0.125866 2.098570 6.600382 2.775699 
0.695465 -0.142223 -0.123090 2.027193 6.614978 2.788332 
0.697492 -0.135608 -0.120302 1.955607 6.628896 2.800679 
0.699448 -0.128979 -0.117501 1.883821 6.642134 2.812738 
0.701331 -0.122337 -0.114688 1.811841 6.654690 2.824509 
0.703143 -0.115683 -0.111864 1.739676 6.666562 2.835990 
0.704883 -0.109016 -0.109028 1.667332 6.677751 2.847180 
0.706550 -0.102338 -0.106181 1.594816 6.688254 2.858077 
0.708145 -0.095650 -0.103322 1.522137 6.698071 2.868681 
0.709667 -0.088952 -0.100454 1.449302 6.707201 2.878991 
0.711116 -0.082245 -0.097575 1.376318 6.715642 2.889006 
0.712493 -0.075529 -0.094686 1.303193 6.723393 2.898724 
0.713796 -0.068806 -0.091787 1.229934 6.730455 2.908144 
0.715026 -0.062075 -0.088879 1.156549 6.736826 2.917266 
0.716182 -0.055338 -0.085962 1.083045 6.742506 2.926088 
0.717265 -0.048596 -0.083036 1.009430 6.747493 2.934610 
0.718275 -0.041848 -0.080101 0.935712 6.751788 2.942831 
0.719211 -0.035097 -0.077158 0.861897 6.755390 2.950750 
0.720073 -0.028341 -0.074207 0.787994 6.758299 2.958366 
0.720861 -0.021583 -0.071249 0.714010 6.760514 2.965679 
0.721575 -0.014822 -0.068283 0.639953 6.762035 2.972687 
0.722214 -0.008060 -0.065311 0.565830 6.762863 2.979390 
0.722780 -0.001298 -0.062331 0.491649 6.762996 2.985787 
0.723272 0.005465 -0.059345 0.417417 6.762435 2.991878 
0.723689 0.012228 -0.056354 0.343143 6.761180 2.997662 
0.724033 0.018989 -0.053356 0.268834 6.759231 3.003138 
0.724301 0.025748 -0.050353 0.194496 6.756588 3.008306 
0.724496 0.032505 -0.047344 0.120139 6.753252 3.013165 
0.724616 0.039258 -0.044331 0.045770 6.749223 3.017715 
0.724662 0.046007 -0.041314 -0.028604 6.744501 3.021955 
0.724633 0.052752 -0.038292 -0.102975 6.739087 3.025885 
0.724530 0.059491 -0.035266 -0.177336 6.732982 3.029504 
0.724353 0.066224 -0.032236 -0.251678 6.726185 3.032813 
0.724101 0.072950 -0.029203 -0.325995 6.718698 3.035810 
0.723775 0.079669 -0.026168 -0.400278 6.710521 3.038496 
0.723375 0.086379 -0.023129 -0.474520 6.701656 3.040869 
0.722900 0.093081 -0.020088 -0.548713 6.692103 3.042931 
0.722352 0.099773 -0.017045 -0.622850 6.681863 3.044681 
0.721729 0.106455 -0.014001 -0.696923 6.670937 3.046117 
0.721032 0.113126 -0.010955 -0.770925 6.659326 3.047242 
0.720261 0.119785 -0.007907 -0.844847 6.647032 3.048053 
0.719416 0.126432 -0.004859 -0.918683 6.634056 3.048552 
0.718497 0.133066 -0.001811 -0.992424 6.620399 3.048738 
0.717505 0.139687 0.001238 -1.066064 6.606063 3.048611 
0.716439 0.146293 0.004287 -1.139594 6.591049 3.048171 
0.715299 0.152884 0.007335 -1.213007 6.575358 3.047418 
0.714086 0.159459 0.010382 -1.286296 6.558992 3.046352 
0.712800 0.166018 0.013429 -1.359453 6.541953 3.044974 
0.711441 0.172560 0.016474 -1.432470 6.524243 3.043284 
0.710008 0.179084 0.019517 -1.505340 6.505863 3.041280 
0.708503 0.185590 0.022558 -1.578056 6.486815 3.038965 
0.706925 0.192077 0.025597 -1.650609 6.467102 3.036338 
0.705274 0.198544 0.028633 -1.722994 6.446724 3.033399 
0.703551 0.204991 0.031667 -1.795201 6.425686 3.030149 
0.701756 0.211417 0.034697 -1.867224 6.403987 3.026588 
0.699889 0.217821 0.037724 -1.939056 6.381632 3.022717 
0.697950 0.224202 0.040746 -2.010689 6.358621 3.018535 
0.695939 0.230561 0.043765 -2.082115 6.334958 3.014043 
0.693857 0.236896 0.046779 -2.153327 6.310645 3.009242 
0.691703 0.243206 0.049788 -2.224319 6.285684 3.004132 
0.689479 0.249492 0.052792 -2.295082 6.260078 2.998714 
0.687184 0.255752 0.055791 -2.365610 6.233829 2.992988 
0.684818 0.261986 0.058784 -2.435894 6.206941 2.986955 
0.682383 0.268193 0.061771 -2.505929 6.179416 2.980615 
0.679877 0.274372 0.064752 -2.575707 6.151256 2.973969 
0.677301 0.280524 0.067726 -2.645220 6.122465 2.967018 
0.674656 0.286646 0.070693 -2.714462 6.093046 2.959763 
0.671941 0.292739 0.073652 -2.783425 6.063001 2.952204 
0.669158 0.298802 0.076604 -2.852103 6.032334 2.944342 
0.666306 0.304834 0.079549 -2.920488 6.001048 2.936177 
0.663385 0.310835 0.082485 -2.988573 5.969146 2.927712 
0.660397 0.316805 0.085413 -3.056351 5.936632 2.918946 



-0.639812 0.687318 0.297980 -4.880396 -3.765624 -1.632545 
-0.644692 0.683552 0.296347 -4.853772 -3.793853 -1.644783 
-0.649546 0.679758 0.294702 -4.826947 -3.821925 -1.656953 
-0.654373 0.675936 0.293045 -4.799924 -3.849839 -1.669055 
-0.659173 0.672086 0.291376 -4.772702 -3.877594 -1.681088 
-0.663946 0.668209 0.289695 -4.745283 -3.905189 -1.693052 
-0.668691 0.664304 0.288002 -4.717668 -3.932623 -1.704945 
-0.673409 0.660371 0.286297 -4.689858 -3.959895 -1.716769 
-0.678099 0.656411 0.284580 -4.661855 -3.987003 -1.728521 
-0.682760 0.652424 0.282852 -4.633659 -4.013946 -1.740202 
-0.687394 0.648410 0.281112 -4.605271 -4.040723 -1.751811 
-0.691999 0.644369 0.279360 -4.576694 -4.067334 -1.763348 
-0.696576 0.640302 0.277596 -4.547927 -4.093776 -1.774812 
-0.701124 0.636208 0.275822 -4.518973 -4.120050 -1.786202 
-0.705643 0.632088 0.274035 -4.489832 -4.146153 -1.797519 
-0.710133 0.627942 0.272238 -4.460505 -4.172085 -1.808762 
-0.714593 0.623770 0.270429 -4.430995 -4.197845 -1.819930 
-0.719024 0.619572 0.268609 -4.401301 -4.223432 -1.831023 
-0.723426 0.615349 0.266778 -4.371426 -4.248844 -1.842040 
-0.727797 0.611100 0.264936 -4.341370 -4.274080 -1.852981 
-0.732138 0.606826 0.263083 -4.311135 -4.299141 -1.863845 
-0.736450 0.602527 0.261219 -4.280722 -4.324023 -1.874633 
-0.740730 0.598203 0.259345 -4.250132 -4.348727 -1.885343 
-0.744980 0.593854 0.257459 -4.219366 -4.373252 -1.895975 
-0.749200 0.589481 0.255563 -4.188426 -4.397595 -1.906529 
-0.753388 0.585083 0.253657 -4.157314 -4.421758 -1.917005 
-0.757545 0.580661 0.251740 -4.126029 -4.445737 -1.927401 
-0.761671 0.576216 0.249812 -4.094574 -4.469533 -1.937717 
-0.765766 0.571746 0.247875 -4.062951 -4.493145 -1.947954 
-0.769829 0.567253 0.245927 -4.031159 -4.516571 -1.958110 
-0.773860 0.562736 0.243969 -3.999201 -4.539810 -1.968185 
-0.777859 0.558196 0.242001 -3.967077 -4.562862 -1.978179 
-0.781826 0.553634 0.240022 -3.934790 -4.585725 -1.988091 
-0.785761 0.549048 0.238034 -3.902341 -4.608399 -1.997921 
-0.789664 0.544439 0.236036 -3.869730 -4.630883 -2.007669 
-0.793533 0.539809 0.234029 -3.836959 -4.653176 -2.017334 
-0.797370 0.535155 0.232011 -3.804030 -4.675276 -2.026915 
-0.801174 0.530480 0.229984 -3.770944 -4.697183 -2.036413 
-0.804945 0.525783 0.227948 -3.737702 -4.718896 -2.045826 
-0.808683 0.521064 0.225902 -3.704306 -4.740415 -2.055155 
-0.812387 0.516324 0.223847 -3.670757 -4.761738 -2.064400 
-0.816058 0.511562 0.221783 -3.637056 -4.782864 -2.073559 
-0.819695 0.506779 0.219709 -3.603205 -4.803792 -2.082632 
-0.823298 0.501975 0.217626 -3.569205 -4.824522 -2.091619 
-0.826867 0.497151 0.215535 -3.535058 -4.845053 -2.100520 
-0.830403 0.492306 0.213434 -3.500765 -4.865384 -2.109334 
-0.833903 0.487440 0.211325 -3.466327 -4.885514 -2.118062 
-0.837370 0.482555 0.209207 -3.431746 -4.905442 -2.126701 
-0.840801 0.477649 0.207080 -3.397023 -4.925167 -2.135253 
-0.844198 0.472724 0.204945 -3.362160 -4.944689 -2.143717 
-0.847561 0.467779 0.202801 -3.327159 -4.964007 -2.152092 
-0.850888 0.462815 0.200649 -3.292020 -4.983120 -2.160378 
-0.854180 0.457832 0.198489 -3.256744 -5.002027 -2.168575 
-0.857436 0.452830 0.196320 -3.221335 -5.020728 -2.176682 
-0.860658 0.447810 0.194143 -3.185792 -5.039221 -2.184700 
-0.863844 0.442770 0.191959 -3.150118 -5.057506 -2.192627 
-0.866994 0.437713 0.189766 -3.114314 -5.075583 -2.200464 
-0.870108 0.432637 0.187566 -3.078381 -5.093449 -2.208210 
-0.873186 0.427544 0.185357 -3.042321 -5.111105 -2.215865 
-0.876229 0.422433 0.183142 -3.006135 -5.128551 -2.223428 
-0.879235 0.417304 0.180918 -2.969825 -5.145784 -2.230899 
-0.882205 0.412158 0.178687 -2.933393 -5.162805 -2.238279 
-0.885138 0.406996 0.176449 -2.896839 -5.179613 -2.245565 
-0.888035 0.401816 0.174203 -2.860166 -5.196207 -2.252759 
-0.890895 0.396620 0.171951 -2.823375 -5.212586 -2.259861 
-0.893718 0.391407 0.169691 -2.786467 -5.228750 -2.266868 
-0.896505 0.386178 0.167424 -2.749444 -5.244698 -2.273782 
-0.899254 0.380934 0.165150 -2.712307 -5.260429 -2.280603 
-0.901967 0.375673 0.162870 -2.675058 -5.275944 -2.287329 
-0.904642 0.370397 0.160582 -2.637699 -5.291240 -2.293960 
-0.907279 0.365106 0.158288 -2.600231 -5.306318 -2.300497 
-0.909880 0.359800 0.155988 -2.562656 -5.321176 -2.306939 
-0.912442 0.354479 0.153681 -2.524975 -5.335815 -2.313285 
-0.914967 0.349143 0.151368 -2.487189 -5.350234 -2.319537 
-0.917455 0.343793 0.149048 -2.449301 -5.364431 -2.325692 
-0.919904 0.338428 0.146722 -2.411312 -5.378408 -2.331751 
-0.922315 0.333050 0.144391 -2.373223 -5.392162 -2.337714 
-0.924688 0.327658 0.142053 -2.335036 -5.405693 -2.343580 
-0.927023 0.322252 0.139709 -2.296753 -5.419001 -2.349350 
-0.929320 0.316833 0.137360 -2.258375 -5.432085 -2.355022 
-0.931579 0.311401 0.135005 -2.219903 -5.444945 -2.360598 
-0.933798 0.305956 0.132644 -2.181340 -5.457580 -2.366076 
-0.935980 0.300498 0.130278 -2.142687 -5.469990 -2.371456 
-0.938122 0.295028 0.127907 -2.103945 -5.482174 -2.376738 
-0.940226 0.289546 0.125530 -2.065116 -5.494131 -2.381922 
-0.942291 0.284052 0.123148 -2.026203 -5.505862 -2.387007 
-0.944318 0.278546 0.120761 -1.987205 -5.517365 -2.391995 
-0.946305 0.273029 0.118369 -1.948125 -5.528640 -2.396883 
-0.948253 0.267500 0.115972 -1.908965 -5.539687 -2.401672 
-0.950162 0.261960 0.113571 -1.869726 -5.550505 -2.406362 
-0.952032 0.256410 0.111164 -1.830410 -5.561094 -2.410953 
-0.953862 0.250849 0.108753 -1.791019 -5.571453 -2.415444 
-0.955653 0.245277 0.106338 -1.751553 -5.581583 -2.419836 
-0.957405 0.239696 0.103918 -1.712015 -5.591481 -2.424127 
-0.959117 0.234104 0.101494 -1.672406 -5.601149 -2.428319 
-0.960789 0.228503 0.099066 -1.632728 -5.610586 -2.432410 
-0.962422 0.222893 0.096633 -1.592983 -5.619791 -2.436400 
-0.964015 0.217273 0.094197 -1.553172 -5.628763 -2.440290 
-0.965568 0.211644 0.091756 -1.513297 -5.637504 -2.444080 
-0.967081 0.206007 0.089312 -1.473360 -5.646011 -2.447768 
-0.968555 0.200361 0.086865 -1.433361 -5.654285 -2.451355 
-0.969988 0.194706 0.084413 -1.393303 -5.662326 -2.454841 
-0.971381 0.189044 0.081958 -1.353188 -5.670133 -2.458226 
-0.972735 0.183374 0.079500 -1.313017 -5.677706 -2.461509 
-0.974048 0.177696 0.077039 -1.272792 -5.685044 -2.464691 
-0.975320 0.172011 0.074574 -1.232514 -5.692148 -2.467770 
-0.976553 0.166319 0.072106 -1.192185 -5.699016 -2.470748 
-0.977745 0.160620 0.069635 -1.151807 -5.705649 -2.473624 
-0.978897 0.154914 0.067162 -1.111382 -5.712047 -2.476397 
-0.980008 0.149202 0.064685 -1.070910 -5.718209 -2.479069 
-0.981079 0.143484 0.062206 -1.030394 -5.724134 -2.481638 
-0.982110 0.137760 0.059725 -0.989836 -5.729823 -2.484104 
-0.983099 0.132030 0.057241 -0.949237 -5.735275 -2.486468 
-0.984049 0.126295 0.054754 -0.908599 -5.740491 -2.488729 
-0.984957 0.120554 0.052265 -0.867923 -5.745470 -2.490888 
-0.985825 0.114809 0.049775 -0.827211 -5.750211 -2.492943 
-0.986652 0.109059 0.047282 -0.786465 -5.754715 -2.494896 
-0.987439 0.103304 0.044787 -0.745687 -5.758981 -2.496745 
-0.988184 0.097545 0.042290 -0.704878 -5.763009 -2.498492 
-0.988889 0.091782 0.039791 -0.664040 -5.766799 -2.500135 
-0.989553 0.086015 0.037291 -0.623174 -5.770352 -2.501675 
-0.990177 0.080245 0.034790 -0.582283 -5.773666 -2.503112 
-0.990759 0.074471 0.032287 -0.541367 -5.776741 -2.504445 
-0.991300 0.068694 0.029782 -0.500429 -5.779578 -2.505675 
-0.991801 0.062915 0.027276 -0.459471 -5.782176 -2.506801 
-0.992260 0.057133 0.024770 -0.418494 -5.784535 -2.507824 
-0.992679 0.051348 0.022262 -0.377499 -5.786656 -2.508744 
-0.993056 0.045561 0.019753 -0.336489 -5.788537 -2.509559 
-0.993393 0.039773 0.017243 -0.295464 -5.790180 -2.510271 
-0.993688 0.033983 0.014733 -0.254428 -5.791583 -2.510880 
-0.993942 0.028191 0.012222 -0.213381 -5.792748 -2.511385 
-0.994156 0.022398 0.009711 -0.172325 -5.793673 -2.511786 
-0.994328 0.016605 0.007199 -0.131262 -5.794358 -2.512083 
-0.994459 0.010810 0.004687 -0.090194 -5.794805 -2.512277 
-0.994550 0.005015 0.002175 -0.049122 -5.795012 -2.512366 
-0.994599 -0.000780 -0.000338 -0.008048 -5.794980 -2.512352 
-0.994607 -0.006575 -0.002850 0.033026 -5.794708 -2.512235 
-0.994574 -0.012369 -0.005362 0.074099 -5.794197 -2.512013 
-0.994500 -0.018163 -0.007874 0.115169 -5.793447 -2.511688 
-0.994385 -0.023957 -0.010386 0.156234 -5.792458 -2.511259 
-0.994228 -0.029749 -0.012897 0.197293 -5.791229 -2.510727 
-0.994031 -0.035541 -0.015408 0.238343 -5.789762 -2.510090 
-0.993793 -0.041330 -0.017918 0.279384 -5.788055 -2.509350 
-0.993513 -0.047118 -0.020427 0.320413 -5.786109 -2.508507 
-0.993193 -0.052905 -0.022936 0.361429 -5.783924 -2.507560 
-0.992831 -0.058688 -0.025443 0.402430 -5.781500 -2.506509 
-0.992429 -0.064470 -0.027950 0.443415 -5.778838 -2.505355 
-0.991986 -0.070249 -0.030455 0.484381 -5.775937 -2.504097 
-0.991501 -0.076025 -0.032959 0.525327 -5.772797 -2.502736 
-0.990976 -0.081798 -0.035462 0.566251 -5.769419 -2.501271 
-0.990410 -0.087567 -0.037963 0.607152 -5.765803 -2.499704 
-0.989802 -0.093333 -0.040463 0.648028 -5.761949 -2.498033 
-0.989154 -0.099095 -0.042961 0.688877 -5.757856 -2.496258 
-0.988466 -0.104853 -0.045457 0.729698 -5.753526 -2.494381 
-0.987736 -0.110606 -0.047952 0.770489 -5.748959 -2.492401 
-0.986965 -0.116355 -0.050444 0.811248 -5.744153 -2.490318 
-0.986154 -0.122099 -0.052934 0.851973 -5.739111 -2.488132 
-0.985302 -0.127838 -0.055423 0.892663 -5.733832 -2.485843 
-0.984410 -0.133572 -0.057908 0.933316 -5.728316 -2.483451 
-0.983476 -0.139300 -0.060392 0.973931 -5.722563 -2.480957 
-0.982502 -0.145023 -0.062873 1.014505 -5.716574 -2.478361 
-0.981488 -0.150740 -0.065351 1.055038 -5.710349 -2.475662 
-0.980433 -0.156450 -0.067827 1.095527 -5.703888 -2.472861 
-0.979337 -0.162154 -0.070300 1.135971 -5.697191 -2.469958 
-0.978201 -0.167851 -0.072770 1.176367 -5.690260 -2.466953 
-0.977025 -0.173541 -0.075237 1.216716 -5.683093 -2.463846 
-0.975808 -0.179224 -0.077700 1.257014 -5.675692 -2.460637 
-0.974551 -0.184900 -0.080161 1.297260 -5.668056 -2.457326 
-0.973254 -0.190568 -0.082618 1.337452 -5.660186 -2.453915 
-0.971916 -0.196228 -0.085072 1.377590 -5.652082 -2.450401 
-0.970539 -0.201880 -0.087523 1.417670 -5.643745 -2.446787 
-0.969121 -0.207524 -0.089969 1.457692 -5.635175 -2.443071 
-0.967663 -0.213159 -0.092413 1.497654 -5.626372 -2.439255 
-0.966166 -0.218786 -0.094852 1.537553 -5.617337 -2.435338 
-0.964628 -0.224403 -0.097287 1.577390 -5.608070 -2.431320 
-0.963051 -0.230011 -0.099718 1.617161 -5.598571 -2.427202 
-0.961434 -0.235610 -0.102146 1.656865 -5.588841 -2.422984 
-0.959777 -0.241198 -0.104569 1.696501 -5.578880 -2.418665 
-0.958080 -0.246777 -0.106987 1.736067 -5.568689 -2.414247 
-0.956344 -0.252346 -0.109402 1.775561 -5.558268 -2.409729 
-0.954569 -0.257904 -0.111811 1.814982 -5.547617 -2.405112 
-0.952754 -0.263452 -0.114216 1.854328 -5.536737 -2.400395 
-0.950899 -0.268989 -0.116617 1.893598 -5.525629 -2.395579 
-0.949006 -0.274514 -0.119012 1.932789 -5.514292 -2.390664 
-0.947073 -0.280029 -0.121403 1.971900 -5.502728 -2.385651 
-0.945101 -0.285531 -0.123789 2.010930 -5.490936 -2.380538 
-0.943090 -0.291022 -0.126169 2.049877 -5.478918 -2.375328 
-0.941040 -0.296501 -0.128545 2.088739 -5.466673 -2.370020 
-0.938952 -0.301968 -0.130915 2.127515 -5.454203 -2.364613 
-0.936824 -0.307422 -0.133279 2.166203 -5.441507 -2.359109 
-0.934658 -0.312864 -0.135638 2.204802 -5.428587 -2.353508 
-0.932453 -0.318292 -0.137992 2.243309 -5.415442 -2.347809 
-0.930210 -0.323708 -0.140340 2.281724 -5.402074 -2.342013 
-0.927928 -0.329110 -0.142682 2.320045 -5.388483 -2.336121 
-0.925608 -0.334498 -0.145018 2.358270 -5.374669 -2.330132 
-0.923250 -0.339873 -0.147348 2.396397 -5.360633 -2.324047 
-0.920853 -0.345233 -0.149672 2.434426 -5.346376 -2.317866 
-0.918419 -0.350580 -0.151990 2.472354 -5.331898 -2.311589 
-0.915947 -0.355912 -0.154301 2.510180 -5.317200 -2.305217 
-0.913436 -0.361229 -0.156607 2.547902 -5.302283 -2.298750 
-0.910888 -0.366531 -0.158905 2.585519 -5.287146 -2.292188 
-0.908303 -0.371818 -0.161198 2.623029 -5.271791 -2.285531 
-0.905680 -0.377090 -0.163483 2.660431 -5.256218 -2.278779 
-0.903019 -0.382346 -0.165762 2.697723 -5.240428 -2.271934 




-0.828162 -1.180318 -0.519001 4.492799 -2.069020 -1.070406 
-0.823669 -1.182387 -0.520072 4.501826 -2.056060 -1.064706 
-0.819167 -1.184443 -0.521137 4.510804 -2.043079 -1.058994 
-0.814656 -1.186486 -0.522196 4.519733 -2.030075 -1.053271 
-0.810137 -1.188516 -0.523249 4.528612 -2.017048 -1.047536 
-0.805608 -1.190533 -0.524296 4.537442 -2.004000 -1.041789 
-0.801071 -1.192537 -0.525338 4.546222 -1.990929 -1.036032 
-0.796524 -1.194528 -0.526374 4.554952 -1.977837 -1.030262 
-0.791969 -1.196506 -0.527404 4.563632 -1.964723 -1.024482 
-0.787406 -1.198470 -0.528429 4.572262 -1.951588 -1.018690 
-0.782834 -1.200422 -0.529448 4.580842 -1.938431 -1.012888 
-0.778253 -1.202360 -0.530460 4.589372 -1.925253 -1.007074 
-0.773663 -1.204286 -0.531468 4.597851 -1.912054 -1.001249 
-0.769066 -1.206198 -0.532469 4.606281 -1.898834 -0.995413 
-0.764459 -1.208096 -0.533464 4.614659 -1.885593 -0.989566 
-0.759845 -1.209982 -0.534454 4.622987 -1.872331 -0.983708 
-0.755222 -1.211854 -0.535437 4.631265 -1.859049 -0.977840 
-0.750590 -1.213713 -0.536415 4.639491 -1.845746 -0.971960 
-0.745951 -1.215559 -0.537387 4.647667 -1.832424 -0.966071 
-0.741303 -1.217392 -0.538353 4.655792 -1.819081 -0.960170 
-0.736647 -1.219211 -0.539313 4.663865 -1.805718 -0.954259 
-0.731984 -1.221016 -0.540268 4.671888 -1.792335 -0.948338 
-0.727312 -1.222809 -0.541216 4.679860 -1.778933 -0.942406 
-0.722632 -1.224588 -0.542159 4.687780 -1.765512 -0.936464 
-0.717944 -1.226353 -0.543095 4.695649 -1.752070 -0.930511 
-0.713248 -1.228105 -0.544025 4.703466 -1.738610 -0.924549 
-0.708545 -1.229844 -0.544950 4.711232 -1.725131 -0.918576 
-0.703834 -1.231569 -0.545869 4.718946 -1.711633 -0.912593 
-0.699115 -1.233281 -0.546781 4.726608 -1.698116 -0.906600 
-0.694388 -1.234979 -0.547688 4.734219 -1.684580 -0.900597 
-0.689654 -1.236663 -0.548588 4.741778 -1.671026 -0.894585 
-0.684912 -1.238334 -0.549483 4.749284 -1.657454 -0.888562 
-0.680163 -1.239992 -0.550372 4.756739 -1.643863 -0.882530 
-0.675406 -1.241636 -0.551254 4.764142 -1.630255 -0.876488 
-0.670642 -1.243266 -0.552131 4.771492 -1.616628 -0.870437 
-0.665870 -1.244883 -0.553001 4.778790 -1.602984 -0.864376 
-0.661092 -1.246486 -0.553865 4.786036 -1.589322 -0.858306 
-0.656306 -1.248075 -0.554724 4.793229 -1.575643 -0.852226 
-0.651512 -1.249651 -0.555576 4.800370 -1.561947 -0.846136 
-0.646712 -1.251212 -0.556422 4.807458 -1.548233 -0.840038 
-0.641905 -1.252761 -0.557262 4.814493 -1.534503 -0.833930 
-0.637090 -1.254295 -0.558096 4.821476 -1.520756 -0.827813 
-0.632269 -1.255816 -0.558924 4.828406 -1.506992 -0.821688 
-0.627440 -1.257323 -0.559746 4.835282 -1.493211 -0.815553 
-0.622605 -1.258816 -0.560561 4.842106 -1.479414 -0.809409 
-0.617763 -1.260296 -0.561370 4.848877 -1.465601 -0.803256 
-0.612914 -1.261761 -0.562174 4.855595 -1.451772 -0.797095 
-0.608058 -1.263213 -0.562971 4.862259 -1.437927 -0.790924 
-0.603196 -1.264651 -0.563762 4.868870 -1.424066 -0.784745 
-0.598327 -1.266075 -0.564546 4.875428 -1.410190 -0.778558 
-0.593452 -1.267485 -0.565325 4.881932 -1.396298 -0.772362 
-0.588570 -1.268881 -0.566097 4.888383 -1.382391 -0.766157 
-0.583681 -1.270264 -0.566864 4.894780 -1.368468 -0.759944 
-0.578787 -1.271632 -0.567624 4.901124 -1.354531 -0.753723 
-0.573886 -1.272987 -0.568377 4.907414 -1.340579 -0.747493 
-0.568978 -1.274327 -0.569125 4.913650 -1.326612 -0.741256 
-0.564064 -1.275654 -0.569866 4.919832 -1.312631 -0.735010 
-0.559145 -1.276967 -0.570601 4.925961 -1.298635 -0.728756 
-0.554219 -1.278265 -0.571330 4.932035 -1.284625 -0.722494 
-0.549287 -1.279550 -0.572052 4.938055 -1.270601 -0.716224 
-0.544349 -1.280821 -0.572768 4.944021 -1.256563 -0.709947 
-0.539405 -1.282077 -0.573478 4.949933 -1.242511 -0.703661 
-0.534455 -1.283320 -0.574182 4.955791 -1.228446 -0.697368 
-0.529499 -1.284548 -0.574879 4.961594 -1.214367 -0.691067 
-0.524537 -1.285762 -0.575571 4.967344 -1.200275 -0.684759 
-0.519570 -1.286963 -0.576255 4.973038 -1.186169 -0.678443 
-0.514597 -1.288149 -0.576934 4.978678 -1.172051 -0.672120 
-0.509618 -1.289321 -0.577606 4.984264 -1.157920 -0.665789 
-0.504634 -1.290479 -0.578272 4.989795 -1.143776 -0.659451 
-0.499644 -1.291623 -0.578931 4.995271 -1.129619 -0.653106 
-0.494649 -1.292752 -0.579584 5.000692 -1.115451 -0.646754 
-0.489648 -1.293868 -0.580231 5.006059 -1.101270 -0.640394 
-0.484642 -1.294969 -0.580871 5.011371 -1.087076 -0.634028 
-0.479631 -1.296056 -0.581505 5.016627 -1.072871 -0.627654 
-0.474614 -1.297129 -0.582133 5.021829 -1.058655 -0.621274 
-0.469592 -1.298188 -0.582754 5.026976 -1.044426 -0.614887 
-0.464565 -1.299232 -0.583369 5.032068 -1.030186 -0.608493 
-0.459533 -1.300262 -0.583978 5.037104 -1.015935 -0.602093 
-0.454496 -1.301278 -0.584580 5.042086 -1.001673 -0.595686 
-0.449454 -1.302280 -0.585175 5.047012 -0.987400 -0.589272 
-0.444407 -1.303267 -0.585765 5.051883 -0.973116 -0.582852 
-0.439355 -1.304240 -0.586348 5.056698 -0.958821 -0.576425 
-0.434298 -1.305199 -0.586924 5.061458 -0.944516 -0.569993 
-0.429237 -1.306144 -0.587494 5.066163 -0.930200 -0.563554 
-0.424171 -1.307074 -0.588058 5.070812 -0.915875 -0.557108 
-0.419100 -1.307990 -0.588615 5.075405 -0.901539 -0.550657 
-0.414025 -1.308891 -0.589165 5.079943 -0.887193 -0.544200 
-0.408945 -1.309778 -0.589710 5.084425 -0.872838 -0.537736 
-0.403860 -1.310651 -0.590247 5.088851 -0.858473 -0.531267 
-0.398771 -1.311510 -0.590779 5.093222 -0.844098 -0.524792 
-0.393678 -1.312354 -0.591303 5.097537 -0.829715 -0.518311 
-0.388581 -1.313184 -0.591822 5.101795 -0.815322 -0.511825 
-0.383479 -1.313999 -0.592333 5.105998 -0.800920 -0.505333 
-0.378373 -1.314800 -0.592839 5.110146 -0.786510 -0.498835 
-0.373263 -1.315586 -0.593338 5.114237 -0.772091 -0.492332 
-0.368148 -1.316358 -0.593830 5.118272 -0.757663 -0.485824 
-0.363030 -1.317116 -0.594316 5.122250 -0.743228 -0.479310 
-0.357908 -1.317859 -0.594795 5.126173 -0.728784 -0.472791 
-0.352782 -1.318588 -0.595268 5.130040 -0.714332 -0.466266 
-0.347652 -1.319302 -0.595734 5.133850 -0.699872 -0.459737 
-0.342518 -1.320002 -0.596194 5.137604 -0.685404 -0.453203 
-0.337380 -1.320688 -0.596647 5.141302 -0.670929 -0.446663 
-0.332239 -1.321359 -0.597094 5.144943 -0.656447 -0.440119 
-0.327094 -1.322015 -0.597534 5.148528 -0.641957 -0.433570 
-0.321946 -1.322657 -0.597967 5.152057 -0.627461 -0.427016 
-0.316793 -1.323284 -0.598394 5.155529 -0.612957 -0.420458 
-0.311638 -1.323897 -0.598815 5.158945 -0.598447 -0.413895 
-0.306479 -1.324496 -0.599229 5.162304 -0.583931 -0.407327 
-0.301317 -1.325080 -0.599636 5.165606 -0.569408 -0.400755 
-0.296151 -1.325649 -0.600037 5.168852 -0.554878 -0.394178 
-0.290982 -1.326204 -0.600431 5.172041 -0.540343 -0.387597 
-0.285810 -1.326744 -0.600819 5.175174 -0.525801 -0.381012 
-0.280635 -1.327270 -0.601200 5.178250 -0.511254 -0.374423 
-0.275457 -1.327781 -0.601574 5.181269 -0.496702 -0.367830 
-0.270275 -1.328278 -0.601942 5.184231 -0.482143 -0.361232 
-0.265091 -1.328760 -0.602303 5.187136 -0.467580 -0.354631 
-0.259904 -1.329228 -0.602658 5.189985 -0.453011 -0.348026 
-0.254714 -1.329681 -0.603006 5.192777 -0.438438 -0.341417 
-0.249521 -1.330119 -0.603347 5.195511 -0.423859 -0.334804 
-0.244326 -1.330543 -0.603682 5.198189 -0.409276 -0.328187 
-0.239128 -1.330952 -0.604010 5.200810 -0.394689 -0.321567 
-0.233927 -1.331347 -0.604332 5.203374 -0.380097 -0.314944 
-0.228723 -1.331727 -0.604647 5.205881 -0.365501 -0.308317 
-0.223518 -1.332093 -0.604955 5.208331 -0.350901 -0.301686 
-0.218309 -1.332444 -0.605257 5.210723 -0.336297 -0.295053 
-0.213099 -1.332780 -0.605552 5.213059 -0.321690 -0.288416 
-0.207885 -1.333102 -0.605840 5.215337 -0.307079 -0.281776 
-0.202670 -1.333409 -0.606122 5.217559 -0.292464 -0.275132 
-0.197453 -1.333701 -0.606397 5.219723 -0.277847 -0.268486 
-0.192233 -1.333979 -0.606666 5.221830 -0.263226 -0.261837 
-0.187011 -1.334242 -0.606927 5.223879 -0.248603 -0.255185 
-0.181787 -1.334491 -0.607183 5.225872 -0.233976 -0.248530 
-0.176561 -1.334725 -0.607431 5.227807 -0.219348 -0.241873 
-0.171333 -1.334944 -0.607673 5.229685 -0.204716 -0.235212 
-0.166104 -1.335149 -0.607908 5.231505 -0.190083 -0.228550 
-0.160872 -1.335339 -0.608137 5.233269 -0.175447 -0.221884 
-0.155639 -1.335514 -0.608359 5.234974 -0.160810 -0.215217 
-0.150404 -1.335675 -0.608574 5.236623 -0.146171 -0.208547 
-0.145167 -1.335821 -0.608782 5.238214 -0.131530 -0.201874 
-0.139929 -1.335953 -0.608984 5.239748 -0.116887 -0.195200 
-0.134689 -1.336070 -0.609179 5.241224 -0.102244 -0.188523 
-0.129448 -1.336172 -0.609368 5.242643 -0.087599 -0.181844 
-0.124206 -1.336260 -0.609550 5.244004 -0.072954 -0.175163 
-0.118962 -1.336333 -0.609725 5.245308 -0.058307 -0.168481 
-0.113716 -1.336391 -0.609894 5.246554 -0.043660 -0.161796 
-0.108470 -1.336435 -0.610055 5.247743 -0.029013 -0.155110 
-0.103222 -1.336464 -0.610210 5.248874 -0.014365 -0.148422 
-0.097973 -1.336478 -0.610359 5.249948 0.000283 -0.141732 
-0.092723 -1.336478 -0.610501 5.250964 0.014931 -0.135041 
-0.087472 -1.336463 -0.610636 5.251923 0.029579 -0.128348 


.384397 -0.844932 -0.231075 0.404365 -2.380299 -1.030114 
-5.383993 -0.847313 -0.232106 0.405674 -2.380093 -1.030057 
-5.383587 -0.849693 -0.233136 0.406983 -2.379886 -1.030001 
-5.383180 -0.852072 -0.234166 0.408292 -2.379679 -1.029944 
-5.382772 -0.854452 -0.235196 0.409601 -2.379471 -1.029887 
-5.382362 -0.856832 -0.236225 0.410910 -2.379263 -1.029829 
-5.381951 -0.859211 -0.237255 0.412219 -2.379054 -1.029771 
-5.381539 -0.861590 -0.238285 0.413528 -2.378844 -1.029714 
-5.381126 -0.863969 -0.239315 0.414836 -2.378634 -1.029655 
-5.380711 -0.866347 -0.240344 0.416145 -2.378423 -1.029597 
-5.380295 -0.868726 -0.241374 0.417453 -2.378212 -1.029538 
-5.379877 -0.871104 -0.242404 0.418762 -2.378000 -1.029479 
-5.379458 -0.873482 -0.243433 0.420070 -2.377788 -1.029420 
-5.379038 -0.875860 -0.244462 0.421378 -2.377575 -1.029361 
-5.378617 -0.878237 -0.245492 0.422686 -2.377361 -1.029301 
-5.378194 -0.880615 -0.246521 0.423994 -2.377147 -1.029241 
-5.377770 -0.882992 -0.247550 0.425302 -2.376932 -1.029181 
-5.377345 -0.885369 -0.248579 0.426609 -2.376717 -1.029120 
-5.376918 -0.887746 -0.249609 0.427917 -2.376501 -1.029060 
-5.376490 -0.890122 -0.250638 0.429224 -2.376285 -1.028999 
-5.376061 -0.892498 -0.251667 0.430532 -2.376068 -1.028937 
-5.375631 -0.894874 -0.252696 0.431839 -2.375850 -1.028876 
-5.375199 -0.897250 -0.253724 0.433146 -2.375632 -1.028814 
-5.374766 -0.899626 -0.254753 0.434453 -2.375413 -1.028752 
-5.374331 -0.902001 -0.255782 0.435760 -2.375194 -1.028690 
-5.373896 -0.904377 -0.256811 0.437067 -2.374974 -1.028628 
-5.373458 -0.906752 -0.257839 0.438374 -2.374753 -1.028565 
-5.373020 -0.909126 -0.258868 0.439680 -2.374532 -1.028502 
-5.372580 -0.911501 -0.259896 0.440987 -2.374311 -1.028439 
-5.372139 -0.913875 -0.260925 0.442293 -2.374088 -1.028375 
-5.371697 -0.916249 -0.261953 0.443600 -2.373866 -1.028312 
-5.371254 -0.918623 -0.262982 0.444906 -2.373642 -1.028248 
-5.370809 -0.920997 -0.264010 0.446212 -2.373418 -1.028184 
-5.370362 -0.923370 -0.265038 0.447518 -2.373194 -1.028119 
-5.369915 -0.925743 -0.266066 0.448824 -2.372968 -1.028054 
-5.369466 -0.928116 -0.267094 0.450130 -2.372743 -1.027989 
-5.369016 -0.930489 -0.268122 0.451435 -2.372516 -1.027924 
-5.368564 -0.932862 -0.269150 0.452741 -2.372290 -1.027859 
-5.368112 -0.935234 -0.270178 0.454046 -2.372062 -1.027793 
-5.367658 -0.937606 -0.271206 0.455352 -2.371834 -1.027727 
-5.367202 -0.939978 -0.272233 0.456657 -2.371606 -1.027661 
-5.366746 -0.942349 -0.273261 0.457962 -2.371376 -1.027594 
-5.366288 -0.944721 -0.274289 0.459267 -2.371147 -1.027528 
-5.365828 -0.947092 -0.275316 0.460572 -2.370916 -1.027461 
-5.365368 -0.949463 -0.276344 0.461877 -2.370685 -1.027394 
-5.364906 -0.951833 -0.277371 0.463181 -2.370454 -1.027326 
-5.364443 -0.954204 -0.278398 0.464486 -2.370222 -1.027258 
-5.363978 -0.956574 -0.279426 0.465790 -2.369989 -1.027190 
-5.363513 -0.958944 -0.280453 0.467095 -2.369756 -1.027122 
-5.363045 -0.961314 -0.281480 0.468399 -2.369522 -1.027054 
-5.362577 -0.963683 -0.282507 0.469703 -2.369288 -1.026985 
-5.362107 -0.966053 -0.283534 0.471007 -2.369053 -1.026916 
-5.361636 -0.968422 -0.284561 0.472311 -2.368818 -1.026847 
-5.361164 -0.970791 -0.285588 0.473615 -2.368581 -1.026778 
-5.360690 -0.973159 -0.286615 0.474918 -2.368345 -1.026708 
-5.360216 -0.975527 -0.287641 0.476222 -2.368108 -1.026638 
-5.359739 -0.977896 -0.288668 0.477525 -2.367870 -1.026568 
-5.359262 -0.980263 -0.289694 0.478829 -2.367631 -1.026497 
-5.358783 -0.982631 -0.290721 0.480132 -2.367392 -1.026427 
-5.358303 -0.984998 -0.291747 0.481435 -2.367153 -1.026356 
-5.357821 -0.987366 -0.292774 0.482738 -2.366913 -1.026284 
-5.357339 -0.989733 -0.293800 0.484041 -2.366672 -1.026213 
-5.356855 -0.992099 -0.294826 0.485343 -2.366431 -1.026141 
-5.356369 -0.994466 -0.295852 0.486646 -2.366189 -1.026069 
-5.355883 -0.996832 -0.296878 0.487948 -2.365947 -1.025997 
-5.355395 -0.999198 -0.297904 0.489251 -2.365704 -1.025925 
-5.354905 -1.001563 -0.298930 0.490553 -2.365460 -1.025852 
-5.354415 -1.003929 -0.299956 0.491855 -2.365216 -1.025779 
-5.353923 -1.006294 -0.300982 0.493157 -2.364971 -1.025706 
-5.353430 -1.008659 -0.302008 0.494459 -2.364726 -1.025632 
-5.352935 -1.011024 -0.303033 0.495761 -2.364480 -1.025559 
-5.352440 -1.013388 -0.304059 0.497062 -2.364234 -1.025485 
-5.351943 -1.015753 -0.305084 0.498364 -2.363987 -1.025411 
-5.351444 -1.018117 -0.306110 0.499665 -2.363739 -1.025336 
-5.350945 -1.020480 -0.307135 0.500967 -2.363491 -1.025261 
-5.350444 -1.022844 -0.308160 0.502268 -2.363242 -1.025186 
-5.349941 -1.025207 -0.309186 0.503569 -2.362993 -1.025111 
-5.349438 -1.027570 -0.310211 0.504870 -2.362743 -1.025036 
-5.348933 -1.029933 -0.311236 0.506170 -2.362492 -1.024960 
-5.348427 -1.032295 -0.312261 0.507471 -2.362241 -1.024884 
-5.347919 -1.034658 -0.313286 0.508772 -2.361990 -1.024808 
-5.347410 -1.037019 -0.314310 0.510072 -2.361738 -1.024732 
-5.346900 -1.039381 -0.315335 0.511372 -2.361485 -1.024655 
-5.346389 -1.041743 -0.316360 0.512672 -2.361231 -1.024578 
-5.345876 -1.044104 -0.317384 0.513973 -2.360977 -1.024501 
-5.345362 -1.046465 -0.318409 0.515272 -2.360723 -1.024423 
-5.344847 -1.048826 -0.319433 0.516572 -2.360468 -1.024346 
-5.344331 -1.051186 -0.320458 0.517872 -2.360212 -1.024268 
-5.343813 -1.053546 -0.321482 0.519171 -2.359956 -1.024190 
-5.343293 -1.055906 -0.322506 0.520471 -2.359699 -1.024111 
-5.342773 -1.058266 -0.323530 0.521770 -2.359442 -1.024032 
-5.342251 -1.060625 -0.324554 0.523069 -2.359184 -1.023954 
-5.341728 -1.062985 -0.325578 0.524368 -2.358926 -1.023874 
-5.341204 -1.065344 -0.326602 0.525667 -2.358666 -1.023795 
-5.340678 -1.067702 -0.327626 0.526966 -2.358407 -1.023715 
-5.340151 -1.070061 -0.328650 0.528265 -2.358147 -1.023635 
-5.339623 -1.072419 -0.329673 0.529563 -2.357886 -1.023555 
-5.339093 -1.074777 -0.330697 0.530862 -2.357624 -1.023475 
-5.338562 -1.077134 -0.331720 0.532160 -2.357362 -1.023394 
-5.338030 -1.079492 -0.332744 0.533458 -2.357100 -1.023313 
-5.337497 -1.081849 -0.333767 0.534756 -2.356837 -1.023232 
-5.336962 -1.084206 -0.334790 0.536054 -2.356573 -1.023151 
-5.336426 -1.086562 -0.335813 0.537352 -2.356309 -1.023069 
-5.335889 -1.088918 -0.336836 0.538649 -2.356044 -1.022987 
-5.335350 -1.091274 -0.337859 0.539947 -2.355779 -1.022905 
-5.334810 -1.093630 -0.338882 0.541244 -2.355513 -1.022822 
-5.334269 -1.095986 -0.339905 0.542541 -2.355246 -1.022740 
-5.333726 -1.098341 -0.340928 0.543838 -2.354979 -1.022657 
-5.333182 -1.100696 -0.341951 0.545135 -2.354712 -1.022574 
-5.332637 -1.103051 -0.342973 0.546432 -2.354443 -1.022490 
-5.332091 -1.105405 -0.343996 0.547729 -2.354174 -1.022407 
-5.331543 -1.107759 -0.345018 0.549025 -2.353905 -1.022323 
-5.330994 -1.110113 -0.346040 0.550322 -2.353635 -1.022239 
-5.330444 -1.112467 -0.347063 0.551618 -2.353365 -1.022154 
-5.329892 -1.114820 -0.348085 0.552914 -2.353093 -1.022069 
-5.329339 -1.117173 -0.349107 0.554210 -2.352822 -1.021985 
-5.328785 -1.119526 -0.350129 0.555506 -2.352550 -1.021899 
-5.328230 -1.121879 -0.351151 0.556802 -2.352277 -1.021814 
-5.327673 -1.124231 -0.352172 0.558097 -2.352003 -1.021728 
-5.327115 -1.126583 -0.353194 0.559393 -2.351729 -1.021643 
-5.326555 -1.128935 -0.354216 0.560688 -2.351455 -1.021556 
-5.325995 -1.131286 -0.355237 0.561983 -2.351180 -1.021470 
-5.325433 -1.133637 -0.356259 0.563279 -2.350904 -1.021383 
-5.324869 -1.135988 -0.357280 0.564573 -2.350628 -1.021296 
-5.324305 -1.138339 -0.358302 0.565868 -2.350351 -1.021209 
-5.323739 -1.140689 -0.359323 0.567163 -2.350074 -1.021122 
-5.323172 -1.143039 -0.360344 0.568457 -2.349796 -1.021034 
-5.322603 -1.145389 -0.361365 0.569752 -2.349517 -1.020946 
-5.322034 -1.147739 -0.362386 0.571046 -2.349238 -1.020858 
-5.321462 -1.150088 -0.363407 0.572340 -2.348958 -1.020770 
-5.320890 -1.152437 -0.364427 0.573634 -2.348678 -1.020681 
-5.320316 -1.154785 -0.365448 0.574928 -2.348397 -1.020592 
-5.319742 -1.157134 -0.366469 0.576222 -2.348116 -1.020503 
-5.319165 -1.159482 -0.367489 0.577515 -2.347834 -1.020414 
-5.318588 -1.161830 -0.368510 0.578809 -2.347551 -1.020324 
-5.318009 -1.164177 -0.369530 0.580102 -2.347268 -1.020234 
-5.317429 -1.166525 -0.370550 0.581395 -2.346984 -1.020144 
-5.316848 -1.168872 -0.371570 0.582688 -2.346700 -1.020054 
-5.316265 -1.171218 -0.372590 0.583981 -2.346415 -1.019963 
-5.315681 -1.173565 -0.373610 0.585274 -2.346130 -1.019873 
-5.315096 -1.175911 -0.374630 0.586566 -2.345844 -1.019781 



-3.792524 7.548120 3.280861 -1.959838 -0.825370 -0.256570 
-3.841520 7.527486 3.274446 -1.954741 -0.835357 -0.260914 
-3.890388 7.506602 3.267923 -1.949580 -0.845316 -0.265249 
-3.939128 7.485469 3.261292 -1.944354 -0.855247 -0.269576 
-3.987737 7.464088 3.254553 -1.939063 -0.865150 -0.273894 
-4.036213 7.442459 3.247706 -1.933708 -0.875024 -0.278203 
-4.084556 7.420584 3.240750 -1.928289 -0.884869 -0.282502 
-4.132763 7.398462 3.233688 -1.922806 -0.894685 -0.286793 
-4.180833 7.376095 3.226518 -1.917259 -0.904471 -0.291073 
-4.228765 7.353483 3.219241 -1.911649 -0.914227 -0.295344 
-4.276556 7.330627 3.211858 -1.905975 -0.923952 -0.299606 
-4.324205 7.307528 3.204367 -1.900238 -0.933647 -0.303857 
-4.371711 7.284187 3.196771 -1.894438 -0.943311 -0.308098 
-4.419072 7.260605 3.189069 -1.888575 -0.952944 -0.312329 
-4.466287 7.236781 3.181260 -1.882650 -0.962545 -0.316550 
-4.513353 7.212717 3.173347 -1.876662 -0.972115 -0.320760 
-4.560269 7.188414 3.165328 -1.870611 -0.981652 -0.324959 
-4.607035 7.163873 3.157204 -1.864499 -0.991156 -0.329148 
-4.653647 7.139094 3.148975 -1.858325 -1.000628 -0.333326 
-4.700105 7.114079 3.140642 -1.852089 -1.010066 -0.337493 
-4.746407 7.088827 3.132204 -1.845792 -1.019471 -0.341648 
-4.792552 7.063340 3.123663 -1.839434 -1.028842 -0.345792 
-4.838538 7.037619 3.115018 -1.833015 -1.038179 -0.349925 
-4.884363 7.011665 3.106270 -1.826534 -1.047481 -0.354046 
-4.930027 6.985478 3.097419 -1.819994 -1.056749 -0.358156 
-4.975527 6.959059 3.088465 -1.813392 -1.065982 -0.362253 
-5.020861 6.932409 3.079409 -1.806731 -1.075179 -0.366339 
-5.066030 6.905530 3.070250 -1.800010 -1.084341 -0.370412 
-5.111030 6.878421 3.060990 -1.793229 -1.093467 -0.374473 
-5.155861 6.851085 3.051628 -1.786389 -1.102556 -0.378522 
-5.200520 6.823521 3.042165 -1.779489 -1.111609 -0.382558 
-5.245008 6.795731 3.032601 -1.772530 -1.120625 -0.386581 
-5.289321 6.767715 3.022937 -1.765513 -1.129604 -0.390592 
-5.333459 6.739475 3.013172 -1.758437 -1.138545 -0.394590 

