20.000000 20.000000 20.000000 20.000000 20.000000 20.000000 20.000000 20.000000 20.000000 20.000000 20.000000 20.000000 20.000000 20.000000 20.000000 20.000000 20.000000 20.000000 20.000000 20.000000 
20.000000 19.939636 19.882496 19.830017 19.783487 19.744005 19.712454 19.689486 19.675508 19.670679 19.674900 19.687836 19.708914 19.737358 19.772202 19.812328 19.856506 19.903416 19.951700 20.000000 
20.000000 19.882494 19.771263 19.669111 19.578545 19.501699 19.440296 19.395601 19.368408 19.359020 19.367252 19.392439 19.433474 19.488840 19.556660 19.634762 19.720741 19.812035 19.906004 20.000000 
20.000000 19.830015 19.669111 19.521351 19.390354 19.279209 19.190407 19.125776 19.086466 19.072906 19.084833 19.121281 19.180647 19.260735 19.358829 19.471790 19.596138 19.728168 19.864065 20.000000 
20.000000 19.783487 19.578547 19.390354 19.223522 19.081984 18.968906 18.886621 18.836584 18.819345 18.834558 18.881001 18.956621 19.058624 19.183556 19.327404 19.485748 19.653873 19.826914 20.000000 
20.000000 19.744003 19.501699 19.279209 19.081984 18.914669 18.781013 18.683767 18.624649 18.604305 18.622322 18.677254 18.766670 18.887268 19.034958 19.205002 19.392172 19.590897 19.795424 20.000000 
20.000000 19.712452 19.440296 19.190407 18.968904 18.781013 18.630930 18.521749 18.455395 18.432590 18.452862 18.514585 18.615032 18.750484 18.916349 19.107311 19.317493 19.540638 19.770294 20.000000 
20.000000 19.689486 19.395601 19.125776 18.886620 18.683765 18.521748 18.403904 18.332302 18.307724 18.329659 18.396336 18.504814 18.651077 18.830162 19.036329 19.263235 19.504128 19.752041 20.000000 
20.000000 19.675508 19.368408 19.086466 18.836582 18.624647 18.455395 18.332302 18.257538 18.231905 18.254868 18.324574 18.437943 18.590778 18.777893 18.993290 19.230343 19.481997 19.740976 20.000000 
20.000000 19.670679 19.359022 19.072908 18.819345 18.604305 18.432589 18.307724 18.231905 18.205944 18.229288 18.300058 18.415125 18.570223 18.760094 18.978645 19.219158 19.474478 19.737221 20.000000 
20.000000 19.674902 19.367254 19.084833 18.834558 18.622322 18.452864 18.329659 18.254866 18.229286 18.252371 18.322260 18.435860 18.588961 18.776365 18.992069 19.229435 19.481401 19.740685 20.000000 
20.000000 19.687836 19.392441 19.121281 18.881001 18.677252 18.514585 18.396336 18.324572 18.300056 18.322260 18.389389 18.498478 18.645477 18.825399 19.032478 19.260340 19.502207 19.751091 20.000000 
20.000000 19.708914 19.433475 19.180647 18.956621 18.766670 18.615032 18.504814 18.437941 18.415123 18.435860 18.498478 18.600208 18.737272 18.905022 19.098078 19.310499 19.535971 19.767977 20.000000 
20.000000 19.737356 19.488838 19.260735 19.058624 18.887268 18.750484 18.651075 18.590776 18.570223 18.588961 18.645477 18.737272 18.860937 19.012276 19.186434 19.378054 19.581440 19.790714 20.000000 
20.000000 19.772200 19.556660 19.358829 19.183552 19.034954 18.916348 18.830160 18.777891 18.760092 18.776365 18.825399 18.905022 19.012276 19.143520 19.294546 19.460709 19.637070 19.818531 20.000000 
20.000000 19.812328 19.634762 19.471790 19.327404 19.205002 19.107311 19.036329 18.993290 18.978645 18.992069 19.032476 19.098076 19.186432 19.294544 19.418947 19.555815 19.701077 19.850536 20.000000 
20.000000 19.856506 19.720741 19.596138 19.485748 19.392174 19.317493 19.263235 19.230343 19.219160 19.229435 19.260340 19.310499 19.378054 19.460709 19.555815 19.660446 19.771492 19.885746 20.000000 
20.000000 19.903416 19.812035 19.728168 19.653873 19.590897 19.540638 19.504126 19.481995 19.474478 19.481400 19.502205 19.535971 19.581438 19.637068 19.701075 19.771490 19.846222 19.923111 20.000000 
20.000000 19.951700 19.906002 19.864063 19.826912 19.795422 19.770294 19.752039 19.740976 19.737221 19.740685 19.751091 19.767977 19.790712 19.818531 19.850536 19.885744 19.923111 19.961555 20.000000 
20.000000 20.000000 20.000000 20.000000 20.000000 20.000000 20.000000 20.000000 20.000000 20.000000 20.000000 20.000000 20.000000 20.000000 20.000000 20.000000 20.000000 20.000000 20.000000 20.000000 
