20.000000 20.000000 20.000000 20.000000 20.000000 20.000000 20.000000 20.000000 20.000000 20.000000 20.000000 20.000000 20.000000 20.000000 20.000000 20.000000 20.000000 20.000000 20.000000 20.000000 
20.000000 19.947279 19.897379 19.851562 19.810955 19.776510 19.749002 19.728996 19.716843 19.712673 19.716400 19.727724 19.746143 19.770977 19.801382 19.836384 19.874908 19.915806 19.957897 20.000000 
20.000000 19.897379 19.800251 19.711075 19.632038 19.565004 19.511469 19.472538 19.448893 19.440788 19.448051 19.470098 19.505955 19.554291 19.613466 19.681587 19.756559 19.836151 19.918066 20.000000 
20.000000 19.851562 19.711075 19.582094 19.467781 19.370832 19.293415 19.237122 19.202938 19.191233 19.201752 19.233650 19.285515 19.355427 19.441015 19.539536 19.647959 19.763060 19.881517 20.000000 
20.000000 19.810955 19.632038 19.467781 19.322212 19.198761 19.100189 19.028521 18.985008 18.970121 18.983538 19.024174 19.090233 19.179268 19.288256 19.413706 19.551762 19.698317 19.849142 20.000000 
20.000000 19.776512 19.565002 19.370832 19.198761 19.052845 18.936344 18.851648 18.800240 18.782667 18.798548 18.846603 18.924704 19.029953 19.158783 19.307062 19.470238 19.643452 19.821709 20.000000 
20.000000 19.749002 19.511469 19.293415 19.100189 18.936342 18.805534 18.710451 18.652750 18.633047 18.650908 18.704895 18.792614 18.910812 19.055479 19.221981 19.405197 19.599682 19.799824 20.000000 
20.000000 19.728996 19.472538 19.237122 19.028519 18.851646 18.710449 18.607826 18.545567 18.524326 18.543640 18.601948 18.696665 18.824278 18.980455 19.160194 19.357971 19.567904 19.783936 20.000000 
20.000000 19.716843 19.448895 19.202938 18.985008 18.800240 18.652750 18.545567 18.480556 18.458401 18.478609 18.539551 18.638521 18.771849 18.935009 19.122774 19.329370 19.548660 19.774315 20.000000 
20.000000 19.712673 19.440788 19.191231 18.970121 18.782667 18.633047 18.524326 18.458401 18.435955 18.456490 18.518347 18.618782 18.754065 18.919605 19.110100 19.319691 19.542152 19.771063 20.000000 
20.000000 19.716400 19.448051 19.201752 18.983538 18.798548 18.650908 18.543640 18.478607 18.456490 18.476788 18.537859 18.636997 18.770517 18.933889 19.121880 19.328705 19.548223 19.774101 20.000000 
20.000000 19.727726 19.470100 19.233650 19.024174 18.846601 18.704893 18.601946 18.539547 18.518345 18.537859 18.596510 18.691696 18.819878 18.976707 19.157158 19.355682 19.566383 19.783184 20.000000 
20.000000 19.746147 19.505957 19.285517 19.090233 18.924704 18.792612 18.696663 18.638519 18.618782 18.636997 18.691694 18.780445 18.899950 19.046154 19.214369 19.399426 19.595825 19.797907 20.000000 
20.000000 19.770979 19.554293 19.355429 19.179268 19.029951 18.910809 18.824274 18.771847 18.754065 18.770519 18.819878 18.899950 19.007759 19.139647 19.291382 19.458305 19.635454 19.817722 20.000000 
20.000000 19.801384 19.613468 19.441015 19.288254 19.158781 19.055477 18.980453 18.935007 18.919605 18.933891 18.976707 19.046154 19.139647 19.254013 19.385586 19.530321 19.683922 19.841957 20.000000 
20.000000 19.836384 19.681587 19.539534 19.413706 19.307062 19.221979 19.160194 19.122772 19.110100 19.121880 19.157158 19.214367 19.291382 19.385586 19.493958 19.613169 19.739677 19.869837 20.000000 
20.000000 19.874908 19.756559 19.647957 19.551762 19.470236 19.405195 19.357967 19.329369 19.319691 19.328705 19.355682 19.399426 19.458303 19.530319 19.613167 19.704296 19.801004 19.900501 20.000000 
20.000000 19.915806 19.836151 19.763058 19.698318 19.643452 19.599682 19.567902 19.548660 19.542152 19.548223 19.566383 19.595825 19.635452 19.683922 19.739676 19.801003 19.866085 19.933041 20.000000 
20.000000 19.957897 19.918066 19.881516 19.849144 19.821709 19.799824 19.783934 19.774315 19.771063 19.774101 19.783184 19.797907 19.817722 19.841959 19.869837 19.900501 19.933041 19.966520 20.000000 
20.000000 20.000000 20.000000 20.000000 20.000000 20.000000 20.000000 20.000000 20.000000 20.000000 20.000000 20.000000 20.000000 20.000000 20.000000 20.000000 20.000000 20.000000 20.000000 20.000000 
