20.000000 20.000000 20.000000 20.000000 20.000000 20.000000 20.000000 20.000000 20.000000 20.000000 20.000000 20.000000 20.000000 20.000000 20.000000 20.000000 20.000000 20.000000 20.000000 20.000000 
20.000000 19.958715 19.919647 19.883791 19.852024 19.825094 19.803604 19.787994 19.778536 19.775322 19.778286 19.787180 19.801613 19.821051 19.844830 19.872189 19.902290 19.934240 19.967117 20.000000 
20.000000 19.919647 19.843615 19.773829 19.712002 19.659597 19.617779 19.587404 19.568998 19.562752 19.568520 19.585835 19.613928 19.651756 19.698036 19.751282 19.809860 19.872034 19.936012 20.000000 
20.000000 19.883789 19.773827 19.672901 19.583492 19.507710 19.447239 19.403320 19.376711 19.367683 19.376034 19.401081 19.441711 19.496418 19.563345 19.640345 19.725054 19.814960 19.907473 20.000000 
20.000000 19.852022 19.712002 19.583492 19.469650 19.373161 19.296173 19.240261 19.206392 19.194910 19.205551 19.237453 19.289194 19.358852 19.444067 19.542105 19.649954 19.764420 19.882200 20.000000 
20.000000 19.825094 19.659595 19.507710 19.373161 19.259125 19.168144 19.102074 19.062057 19.048502 19.061090 19.098804 19.159964 19.242298 19.343008 19.458872 19.586330 19.721603 19.860792 20.000000 
20.000000 19.803606 19.617779 19.447239 19.296173 19.168144 19.066002 18.991835 18.946920 18.931717 18.945866 18.988220 19.056898 19.149345 19.262419 19.392502 19.535599 19.687462 19.843721 20.000000 
20.000000 19.787996 19.587406 19.403320 19.240261 19.102074 18.991835 18.911793 18.863331 18.846937 18.862225 18.907957 18.982098 19.081886 19.203938 19.344341 19.498787 19.662689 19.831335 20.000000 
20.000000 19.778536 19.569000 19.376711 19.206390 19.062056 18.946920 18.863331 18.812727 18.795622 18.811607 18.859390 18.936844 19.041080 19.168568 19.315216 19.476526 19.647713 19.823849 20.000000 
20.000000 19.775324 19.562752 19.367683 19.194910 19.048502 18.931717 18.846937 18.795622 18.778290 18.794523 18.843010 18.921589 19.027332 19.156656 19.305412 19.469038 19.642677 19.821331 20.000000 
20.000000 19.778284 19.568520 19.376034 19.205551 19.061090 18.945866 18.862226 18.811609 18.794525 18.810560 18.858418 18.935963 19.040310 19.167917 19.314693 19.476137 19.647457 19.823723 20.000000 
20.000000 19.787180 19.585835 19.401081 19.237453 19.098804 18.988222 18.907959 18.859392 18.843010 18.858418 18.904364 18.978802 19.078959 19.201435 19.342304 19.497250 19.661667 19.830830 20.000000 
20.000000 19.801613 19.613930 19.441713 19.289194 19.159966 19.056900 18.982098 18.936844 18.921589 18.935963 18.978802 19.048193 19.141554 19.255714 19.387016 19.531429 19.684671 19.842331 20.000000 
20.000000 19.821051 19.651758 19.496420 19.358852 19.242298 19.149345 19.081886 19.041080 19.027334 19.040310 19.078959 19.141554 19.225765 19.328733 19.447159 19.577408 19.715614 19.857805 20.000000 
20.000000 19.844830 19.698034 19.563345 19.444067 19.343010 19.262421 19.203938 19.168566 19.156656 19.167915 19.201433 19.255714 19.328735 19.418015 19.520691 19.633617 19.753443 19.876720 20.000000 
20.000000 19.872192 19.751282 19.640345 19.542105 19.458874 19.392502 19.344341 19.315214 19.305412 19.314693 19.342306 19.387016 19.447159 19.520691 19.605257 19.698261 19.796946 19.898472 20.000000 
20.000000 19.902292 19.809860 19.725054 19.649956 19.586330 19.535597 19.498787 19.476524 19.469036 19.476135 19.497248 19.531429 19.577406 19.633617 19.698261 19.769354 19.844788 19.922394 20.000000 
20.000000 19.934240 19.872034 19.814960 19.764420 19.721603 19.687462 19.662691 19.647713 19.642677 19.647457 19.661667 19.684673 19.715614 19.753443 19.796946 19.844788 19.895552 19.947777 20.000000 
20.000000 19.967117 19.936012 19.907475 19.882202 19.860792 19.843721 19.831335 19.823849 19.821331 19.823723 19.830830 19.842335 19.857805 19.876720 19.898472 19.922394 19.947777 19.973888 20.000000 
20.000000 20.000000 20.000000 20.000000 20.000000 20.000000 20.000000 20.000000 20.000000 20.000000 20.000000 20.000000 20.000000 20.000000 20.000000 20.000000 20.000000 20.000000 20.000000 20.000000 
