20.000000 20.000000 20.000000 20.000000 20.000000 20.000000 20.000000 20.000000 20.000000 20.000000 20.000000 20.000000 20.000000 20.000000 20.000000 20.000000 20.000000 20.000000 20.000000 20.000000 
20.000000 19.953970 19.910408 19.870422 19.834988 19.804945 19.780964 19.763535 19.752962 19.749355 19.752640 19.762545 19.778633 19.800308 19.826834 19.857361 19.890951 19.926607 19.963299 20.000000 
20.000000 19.910408 19.825624 19.747799 19.678837 19.620369 19.573700 19.539783 19.519213 19.512203 19.518599 19.537882 19.569199 19.611383 19.663008 19.722418 19.787788 19.857176 19.928581 20.000000 
20.000000 19.870422 19.747797 19.635239 19.535507 19.450951 19.383463 19.334423 19.304684 19.294556 19.303816 19.331713 19.377007 19.438021 19.512680 19.598597 19.693129 19.793468 19.896725 20.000000 
20.000000 19.834988 19.678837 19.535505 19.408512 19.300852 19.214926 19.152493 19.114639 19.101759 19.113564 19.149096 19.206779 19.284473 19.379539 19.488934 19.609295 19.737049 19.868513 20.000000 
20.000000 19.804945 19.620369 19.450951 19.300850 19.173607 19.072058 18.998280 18.953556 18.938353 18.952320 18.994331 19.062521 19.154356 19.266720 19.396011 19.538261 19.689245 19.844610 20.000000 
20.000000 19.780964 19.573700 19.383463 19.214924 19.072056 18.958046 18.875223 18.825027 18.807976 18.823677 18.870867 18.947445 19.050566 19.176731 19.321898 19.481607 19.651121 19.825548 20.000000 
20.000000 19.763535 19.539783 19.334423 19.152493 18.998280 18.875223 18.785839 18.731678 18.713295 18.730267 18.781223 18.863897 18.975220 19.111408 19.268105 19.440491 19.623451 19.811714 20.000000 
20.000000 19.752962 19.519213 19.304684 19.114639 18.953556 18.825027 18.731678 18.675121 18.655943 18.673695 18.726942 18.813318 18.929611 19.071877 19.235552 19.415611 19.606712 19.803345 20.000000 
20.000000 19.749357 19.512203 19.294559 19.101761 18.938351 18.807976 18.713295 18.655943 18.636509 18.654541 18.708580 18.796221 18.914206 19.058529 19.224569 19.407223 19.601070 19.800526 20.000000 
20.000000 19.752640 19.518600 19.303818 19.113564 18.952320 18.823679 18.730267 18.673695 18.654541 18.672358 18.725700 18.812199 18.928633 19.071053 19.234892 19.415119 19.606388 19.803186 20.000000 
20.000000 19.762545 19.537882 19.331713 19.149094 18.994331 18.870867 18.781223 18.726942 18.708580 18.725700 18.776920 18.859959 18.971725 19.108427 19.265684 19.438663 19.622236 19.811113 20.000000 
20.000000 19.778633 19.569197 19.377007 19.206779 19.062521 18.947445 18.863897 18.813318 18.796221 18.812199 18.859959 18.937374 19.041565 19.168991 19.315573 19.476807 19.647909 19.823950 20.000000 
20.000000 19.800308 19.611383 19.438021 19.284473 19.154356 19.050564 18.975218 18.929611 18.914206 18.928631 18.971725 19.041565 19.135550 19.250488 19.382702 19.528126 19.682447 19.841221 20.000000 
20.000000 19.826834 19.663008 19.512680 19.379539 19.266718 19.176729 19.111408 19.071875 19.058529 19.071053 19.108427 19.168991 19.250488 19.350153 19.464790 19.590878 19.724680 19.862339 20.000000 
20.000000 19.857361 19.722418 19.598595 19.488934 19.396011 19.321898 19.268101 19.235550 19.224567 19.234890 19.265682 19.315571 19.382702 19.464788 19.559208 19.663055 19.773252 19.886627 20.000000 
20.000000 19.890951 19.787786 19.693127 19.609295 19.538261 19.481607 19.440491 19.415611 19.407223 19.415119 19.438663 19.476807 19.528126 19.590879 19.663055 19.742439 19.826675 19.913338 20.000000 
20.000000 19.926607 19.857176 19.793468 19.737049 19.689245 19.651121 19.623451 19.606712 19.601070 19.606388 19.622236 19.647907 19.682446 19.724678 19.773252 19.826675 19.883362 19.941681 20.000000 
20.000000 19.963299 19.928581 19.896725 19.868513 19.844610 19.825548 19.811714 19.803345 19.800526 19.803186 19.811113 19.823950 19.841221 19.862337 19.886625 19.913338 19.941681 19.970840 20.000000 
20.000000 20.000000 20.000000 20.000000 20.000000 20.000000 20.000000 20.000000 20.000000 20.000000 20.000000 20.000000 20.000000 20.000000 20.000000 20.000000 20.000000 20.000000 20.000000 20.000000 
