20.000000 20.000000 20.000000 20.000000 20.000000 20.000000 20.000000 20.000000 20.000000 20.000000 20.000000 20.000000 20.000000 20.000000 20.000000 20.000000 20.000000 20.000000 20.000000 20.000000 
20.000000 19.950062 19.902802 19.859409 19.820955 19.788345 19.762306 19.743374 19.731878 19.727945 19.731489 19.742224 19.759674 19.783192 19.811981 19.845121 19.881590 19.920305 19.960148 20.000000 
20.000000 19.902802 19.810810 19.726357 19.651514 19.588047 19.537371 19.500530 19.478168 19.470522 19.477427 19.498323 19.532291 19.578068 19.634100 19.698595 19.769567 19.844910 19.922447 20.000000 
20.000000 19.859411 19.726357 19.604210 19.495966 19.404179 19.330898 19.277628 19.245296 19.234251 19.244249 19.274485 19.323618 19.389828 19.470865 19.564135 19.666773 19.775726 19.887852 20.000000 
20.000000 19.820957 19.651514 19.495968 19.358131 19.241257 19.147951 19.080130 19.038979 19.024933 19.037682 19.076197 19.138771 19.223085 19.326277 19.445042 19.575727 19.714453 19.857212 20.000000 
20.000000 19.788345 19.588045 19.404179 19.241255 19.103115 18.992840 18.912695 18.864075 18.847492 18.862583 18.908127 18.982103 19.081770 19.203743 19.344116 19.498575 19.662529 19.831249 20.000000 
20.000000 19.762304 19.537371 19.330896 19.147949 18.992840 18.869030 18.779057 18.724485 18.705891 18.722858 18.774019 18.857103 18.969027 19.105989 19.263605 19.437031 19.621113 19.810541 20.000000 
20.000000 19.743374 19.500530 19.277626 19.080130 18.912693 18.779055 18.681950 18.623068 18.603024 18.621368 18.676619 18.766325 18.887156 19.035009 19.205151 19.392349 19.591045 19.795507 20.000000 
20.000000 19.731880 19.478168 19.245296 19.038980 18.864075 18.724485 18.623068 18.561584 18.540674 18.559866 18.617609 18.711338 18.837572 18.992029 19.169762 19.365303 19.572849 19.786411 20.000000 
20.000000 19.727947 19.470522 19.234253 19.024933 18.847494 18.705891 18.603024 18.540674 18.519489 18.538988 18.597593 18.692703 18.820784 18.977488 19.157795 19.356163 19.566704 19.783340 20.000000 
20.000000 19.731491 19.477427 19.244251 19.037682 18.862583 18.722858 18.621368 18.559866 18.538990 18.558258 18.616114 18.709991 18.836397 18.991041 19.168968 19.364714 19.572460 19.786221 20.000000 
20.000000 19.742226 19.498325 19.274487 19.076197 18.908127 18.774019 18.676619 18.617607 18.597595 18.616116 18.671673 18.761803 18.883148 19.031595 19.202381 19.390263 19.589659 19.794823 20.000000 
20.000000 19.759674 19.532291 19.323620 19.138773 18.982103 18.857101 18.766325 18.711336 18.692703 18.709991 18.761803 18.845833 18.958961 19.097342 19.256542 19.431671 19.617531 19.808760 20.000000 
20.000000 19.783194 19.578068 19.389828 19.223085 19.081768 18.969025 18.887154 18.837572 18.820786 18.836397 18.883148 18.958960 19.061012 19.185839 19.329439 19.487402 19.655037 19.827515 20.000000 
20.000000 19.811983 19.634102 19.470863 19.326277 19.203743 19.105988 19.035009 18.992029 18.977489 18.991041 19.031593 19.097342 19.185839 19.294079 19.418594 19.555559 19.700909 19.850452 20.000000 
20.000000 19.845121 19.698595 19.564135 19.445042 19.344116 19.263605 19.205151 19.169760 19.157795 19.168970 19.202381 19.256542 19.329437 19.418594 19.521152 19.633959 19.753670 19.876835 20.000000 
20.000000 19.881590 19.769567 19.666773 19.575729 19.498575 19.437029 19.392349 19.365303 19.356163 19.364714 19.390263 19.431671 19.487400 19.555557 19.633961 19.720194 19.811703 19.905851 20.000000 
20.000000 19.920305 19.844910 19.775726 19.714453 19.662529 19.621113 19.591045 19.572849 19.566704 19.572462 19.589661 19.617531 19.655037 19.700909 19.753670 19.811703 19.873285 19.936642 20.000000 
20.000000 19.960148 19.922447 19.887852 19.857212 19.831249 19.810539 19.795507 19.786411 19.783340 19.786222 19.794823 19.808760 19.827515 19.850452 19.876835 19.905851 19.936642 19.968321 20.000000 
20.000000 20.000000 20.000000 20.000000 20.000000 20.000000 20.000000 20.000000 20.000000 20.000000 20.000000 20.000000 20.000000 20.000000 20.000000 20.000000 20.000000 20.000000 20.000000 20.000000 
