20.000000 20.000000 20.000000 20.000000 20.000000 20.000000 20.000000 20.000000 20.000000 20.000000 20.000000 20.000000 20.000000 20.000000 20.000000 20.000000 20.000000 20.000000 20.000000 20.000000 
20.000000 19.941248 19.885632 19.834558 19.789276 19.750858 19.720161 19.697817 19.684227 19.679537 19.683655 19.696253 19.716770 19.744453 19.778360 19.817406 19.860390 19.906031 19.953009 20.000000 
20.000000 19.885632 19.777370 19.677956 19.589821 19.515045 19.455303 19.411825 19.385384 19.376270 19.384298 19.408827 19.448772 19.502655 19.568651 19.644646 19.728302 19.817127 19.908550 20.000000 
20.000000 19.834557 19.677956 19.534155 19.406677 19.298529 19.212128 19.149260 19.111034 19.097870 19.109503 19.144995 19.202782 19.280724 19.376181 19.486092 19.607079 19.735537 19.867748 20.000000 
20.000000 19.789276 19.589821 19.406677 19.244331 19.106609 18.996593 18.916552 18.867895 18.851158 18.865995 18.911217 18.984823 19.084093 19.205660 19.345625 19.499687 19.663258 19.831608 20.000000 
20.000000 19.750858 19.515045 19.298529 19.106607 18.943810 18.813774 18.719181 18.661694 18.641941 18.659513 18.712997 18.800030 18.917391 19.061100 19.226551 19.408657 19.601994 19.800974 20.000000 
20.000000 19.720161 19.455303 19.212130 18.996592 18.813774 18.667763 18.561562 18.497036 18.474892 18.494663 18.554756 18.652521 18.784334 18.945728 19.131527 19.336014 19.553108 19.776531 20.000000 
20.000000 19.697817 19.411827 19.149260 18.916550 18.719179 18.561562 18.446932 18.377308 18.353441 18.374828 18.439743 18.545321 18.687649 18.861900 19.062489 19.283243 19.517597 19.758778 20.000000 
20.000000 19.684225 19.385386 19.111034 18.867893 18.661694 18.497036 18.377308 18.304607 18.279715 18.302101 18.369961 18.480295 18.629013 18.811073 19.020638 19.251259 19.496078 19.748020 20.000000 
20.000000 19.679539 19.376272 19.097870 18.851158 18.641941 18.474892 18.353439 18.279713 18.254501 18.277258 18.346149 18.458132 18.609049 18.793783 19.006413 19.240395 19.488773 19.744370 20.000000 
20.000000 19.683659 19.384302 19.109503 18.865997 18.659515 18.494663 18.374825 18.302097 18.277256 18.299759 18.367790 18.478340 18.627308 18.809641 19.019493 19.250406 19.495518 19.747746 20.000000 
20.000000 19.696255 19.408829 19.144995 18.911217 18.712997 18.554756 18.439741 18.369961 18.346149 18.367790 18.433134 18.539291 18.682320 18.857365 19.058819 19.280483 19.515766 19.757874 20.000000 
20.000000 19.716770 19.448771 19.202780 18.984823 18.800030 18.652521 18.545321 18.480293 18.458130 18.478340 18.539289 18.638281 18.771641 18.934841 19.122646 19.329288 19.548618 19.774302 20.000000 
20.000000 19.744453 19.502655 19.280722 19.084091 18.917389 18.784334 18.687647 18.629013 18.609049 18.627308 18.682318 18.771639 18.891956 19.039188 19.208611 19.395012 19.592854 19.796421 20.000000 
20.000000 19.778360 19.568653 19.376179 19.205658 19.061100 18.945726 18.861898 18.811073 18.793783 18.809639 18.857365 18.934839 19.039188 19.166866 19.313784 19.475420 19.646971 19.823483 20.000000 
20.000000 19.817408 19.644650 19.486092 19.345625 19.226551 19.131525 19.062489 19.020638 19.006413 19.019489 19.058819 19.122646 19.208607 19.313782 19.434799 19.567936 19.709234 19.854616 20.000000 
20.000000 19.860392 19.728302 19.607079 19.499687 19.408657 19.336014 19.283241 19.251259 19.240395 19.250404 19.280483 19.329288 19.395012 19.475420 19.567934 19.669712 19.777729 19.888865 20.000000 
20.000000 19.906031 19.817127 19.735535 19.663258 19.601994 19.553106 19.517595 19.496077 19.488773 19.495518 19.515766 19.548618 19.592852 19.646969 19.709232 19.777729 19.850420 19.925209 20.000000 
20.000000 19.953009 19.908550 19.867748 19.831608 19.800974 19.776529 19.758776 19.748018 19.744370 19.747746 19.757874 19.774300 19.796421 19.823483 19.854614 19.888863 19.925209 19.962605 20.000000 
20.000000 20.000000 20.000000 20.000000 20.000000 20.000000 20.000000 20.000000 20.000000 20.000000 20.000000 20.000000 20.000000 20.000000 20.000000 20.000000 20.000000 20.000000 20.000000 20.000000 
