20.000000 20.000000 20.000000 20.000000 20.000000 20.000000 20.000000 20.000000 20.000000 20.000000 20.000000 20.000000 20.000000 20.000000 20.000000 20.000000 20.000000 20.000000 20.000000 20.000000 
20.000000 19.945831 19.894558 19.847479 19.805748 19.770351 19.742079 19.721512 19.709015 19.704721 19.708544 19.720173 19.739098 19.764614 19.795860 19.831833 19.871426 19.913462 19.956724 20.000000 
20.000000 19.894558 19.794758 19.703123 19.621902 19.553009 19.497988 19.457968 19.433653 19.425306 19.432756 19.455399 19.492237 19.541904 19.602718 19.672729 19.749783 19.831591 19.915785 20.000000 
20.000000 19.847479 19.703125 19.570585 19.453114 19.353477 19.273905 19.216038 19.180885 19.168831 19.179621 19.212383 19.265671 19.337509 19.425465 19.526718 19.638153 19.756460 19.878216 20.000000 
20.000000 19.805750 19.621904 19.453114 19.303516 19.176643 19.075325 19.001652 18.956909 18.941580 18.955339 18.997078 19.064949 19.156441 19.268448 19.397381 19.539274 19.689911 19.844938 20.000000 
20.000000 19.770353 19.553011 19.353477 19.176643 19.026676 18.906929 18.819862 18.766998 18.748905 18.765196 18.814556 18.894802 19.002958 19.135359 19.287758 19.455471 19.633511 19.816736 20.000000 
20.000000 19.742079 19.497988 19.273905 19.075325 18.906929 18.772476 18.674728 18.615395 18.595108 18.613430 18.668884 18.759018 18.880484 19.029163 19.200291 19.388611 19.588516 19.794239 20.000000 
20.000000 19.721514 19.457968 19.216036 19.001648 18.819859 18.674726 18.569225 18.505203 18.483337 18.503151 18.563047 18.660374 18.791517 18.952030 19.136768 19.340055 19.555843 19.777905 20.000000 
20.000000 19.709015 19.433653 19.180883 18.956907 18.766996 18.615393 18.505203 18.438353 18.415543 18.436279 18.498882 18.600582 18.737602 18.905296 19.098289 19.310646 19.536057 19.768013 20.000000 
20.000000 19.704723 19.425308 19.168831 18.941580 18.748905 18.595108 18.483337 18.415545 18.392441 18.413511 18.477058 18.580265 18.719299 18.889442 19.085245 19.300684 19.529358 19.764664 20.000000 
20.000000 19.708546 19.432758 19.179621 18.955339 18.765198 18.613430 18.503151 18.436277 18.413511 18.434340 18.497084 18.598961 18.736187 18.904106 19.097336 19.309937 19.535591 19.767784 20.000000 
20.000000 19.720175 19.455402 19.212383 18.997078 18.814556 18.668884 18.563046 18.498880 18.477058 18.497084 18.557343 18.655161 18.786903 18.948101 19.133587 19.337658 19.554253 19.777117 20.000000 
20.000000 19.739100 19.492239 19.265671 19.064949 18.894802 18.759016 18.660372 18.600580 18.580265 18.598961 18.655161 18.746368 18.869196 19.019474 19.192385 19.382616 19.584513 19.792250 20.000000 
20.000000 19.764616 19.541906 19.337511 19.156441 19.002958 18.880480 18.791513 18.737600 18.719297 18.736187 18.786903 18.869196 18.980005 19.115570 19.271545 19.443136 19.625244 19.812618 20.000000 
20.000000 19.795862 19.602720 19.425467 19.268448 19.135357 19.029161 18.952028 18.905294 18.889442 18.904106 18.948101 19.019474 19.115570 19.233128 19.368378 19.517164 19.675068 19.837532 20.000000 
20.000000 19.831833 19.672729 19.526718 19.397381 19.287758 19.200291 19.136768 19.098286 19.085243 19.097336 19.133587 19.192387 19.271545 19.368378 19.479780 19.602327 19.732382 19.866190 20.000000 
20.000000 19.871426 19.749783 19.638153 19.539274 19.455471 19.388607 19.340054 19.310642 19.300682 19.309937 19.337658 19.382614 19.443136 19.517164 19.602327 19.696011 19.795427 19.897713 20.000000 
20.000000 19.913462 19.831589 19.756458 19.689911 19.633511 19.588514 19.555841 19.536053 19.529356 19.535591 19.554253 19.584511 19.625244 19.675066 19.732382 19.795425 19.862331 19.931166 20.000000 
20.000000 19.956724 19.915783 19.878216 19.844938 19.816738 19.794239 19.777903 19.768009 19.764664 19.767784 19.777117 19.792250 19.812618 19.837530 19.866190 19.897713 19.931164 19.965582 20.000000 
20.000000 20.000000 20.000000 20.000000 20.000000 20.000000 20.000000 20.000000 20.000000 20.000000 20.000000 20.000000 20.000000 20.000000 20.000000 20.000000 20.000000 20.000000 20.000000 20.000000 
