20.000000 20.000000 20.000000 20.000000 20.000000 20.000000 20.000000 20.000000 20.000000 20.000000 20.000000 20.000000 20.000000 20.000000 20.000000 20.000000 20.000000 20.000000 20.000000 20.000000 
20.000000 19.948689 19.900126 19.855539 19.816021 19.782507 19.755743 19.736282 19.724463 19.720413 19.724047 19.735073 19.753002 19.777168 19.806755 19.840813 19.878294 19.918085 19.959038 20.000000 
20.000000 19.900126 19.805599 19.718817 19.641907 19.576679 19.524593 19.486723 19.463728 19.455856 19.462938 19.484406 19.519302 19.566341 19.623924 19.690208 19.763153 19.840591 19.920286 20.000000 
20.000000 19.855539 19.718819 19.593300 19.482063 19.387730 19.312408 19.257648 19.224405 19.213034 19.223289 19.254345 19.304827 19.372864 19.456144 19.552004 19.657494 19.769480 19.884727 20.000000 
20.000000 19.816023 19.641907 19.482063 19.340412 19.220295 19.124393 19.054676 19.012360 18.997900 19.010977 19.050541 19.114834 19.201477 19.307528 19.429588 19.563910 19.706495 19.853233 20.000000 
20.000000 19.782507 19.576679 19.387730 19.220295 19.078320 18.964973 18.882584 18.832590 18.815521 18.831003 18.877785 18.953796 19.056217 19.181572 19.325844 19.484600 19.653122 19.826546 20.000000 
20.000000 19.755743 19.524593 19.312408 19.124390 18.964973 18.837711 18.745218 18.689106 18.669964 18.687376 18.739929 18.825300 18.940319 19.081081 19.243080 19.421333 19.610546 19.805256 20.000000 
20.000000 19.736280 19.486723 19.257648 19.054672 18.882584 18.745216 18.645391 18.584845 18.564213 18.583036 18.639795 18.731974 18.856148 19.008108 19.182983 19.375397 19.579636 19.789803 20.000000 
20.000000 19.724463 19.463728 19.224403 19.012360 18.832590 18.689106 18.584845 18.521622 18.500099 18.519794 18.579115 18.675430 18.805162 18.963913 19.146591 19.347584 19.560921 19.780447 20.000000 
20.000000 19.720413 19.455856 19.213034 18.997900 18.815521 18.669964 18.564213 18.500099 18.478294 18.498306 18.558516 18.656252 18.787884 18.948946 19.134277 19.338181 19.554598 19.777287 20.000000 
20.000000 19.724049 19.462940 19.223291 19.010979 18.831003 18.687374 18.583035 18.519793 18.498306 18.518082 18.577526 18.673998 18.803913 18.962862 19.145750 19.346958 19.560511 19.780245 20.000000 
20.000000 19.735073 19.484406 19.254347 19.050541 18.877785 18.739929 18.639793 18.579113 18.558516 18.577526 18.634609 18.727232 18.851952 19.004532 19.180084 19.373213 19.578182 19.789083 20.000000 
20.000000 19.753002 19.519304 19.304829 19.114834 18.953796 18.825298 18.731972 18.675428 18.656252 18.673998 18.727234 18.813591 18.929863 19.072104 19.235748 19.415773 19.606831 19.803410 20.000000 
20.000000 19.777168 19.566343 19.372864 19.201477 19.056215 18.940315 18.856148 18.805162 18.787886 18.803913 18.851952 18.929863 19.034756 19.163063 19.310677 19.473055 19.645382 19.822687 20.000000 
20.000000 19.806755 19.623926 19.456144 19.307528 19.181570 19.081079 19.008106 18.963911 18.948948 18.962862 19.004532 19.072102 19.163063 19.274324 19.402321 19.543116 19.692532 19.846264 20.000000 
20.000000 19.840813 19.690208 19.552004 19.429588 19.325844 19.243078 19.182981 19.146591 19.134277 19.145750 19.180082 19.235748 19.310675 19.402319 19.507744 19.623709 19.746769 19.873383 20.000000 
20.000000 19.878296 19.763153 19.657494 19.563910 19.484600 19.421331 19.375397 19.347584 19.338181 19.346960 19.373213 19.415771 19.473055 19.543116 19.623709 19.712357 19.806427 19.903214 20.000000 
20.000000 19.918087 19.840591 19.769480 19.706497 19.653122 19.610544 19.579634 19.560921 19.554598 19.560511 19.578182 19.606829 19.645382 19.692532 19.746771 19.806427 19.869734 19.934868 20.000000 
20.000000 19.959038 19.920286 19.884727 19.853233 19.826546 19.805256 19.789801 19.780445 19.777287 19.780245 19.789083 19.803408 19.822687 19.846264 19.873384 19.903214 19.934868 19.967434 20.000000 
20.000000 20.000000 20.000000 20.000000 20.000000 20.000000 20.000000 20.000000 20.000000 20.000000 20.000000 20.000000 20.000000 20.000000 20.000000 20.000000 20.000000 20.000000 20.000000 20.000000 
