20.000000 20.000000 20.000000 20.000000 20.000000 20.000000 20.000000 20.000000 20.000000 20.000000 20.000000 20.000000 20.000000 20.000000 20.000000 20.000000 20.000000 20.000000 20.000000 20.000000 
20.000000 19.944344 19.891663 19.843287 19.800404 19.764027 19.734966 19.713825 19.700974 19.696552 19.700472 19.712416 19.731857 19.758078 19.790186 19.827156 19.867847 19.911053 19.955521 20.000000 
20.000000 19.891661 19.789116 19.694956 19.611492 19.540691 19.484138 19.442997 19.417995 19.409401 19.417040 19.440296 19.478142 19.529179 19.591673 19.663624 19.742817 19.826900 19.913439 20.000000 
20.000000 19.843287 19.694956 19.558764 19.438046 19.335648 19.253862 19.194374 19.158228 19.145815 19.156879 19.190529 19.245277 19.319096 19.409485 19.513546 19.628078 19.749676 19.874823 20.000000 
20.000000 19.800404 19.611494 19.438046 19.284313 19.153921 19.049784 18.974047 18.928036 18.912252 18.926365 18.969234 19.038967 19.132980 19.248089 19.380600 19.526440 19.681271 19.840616 20.000000 
20.000000 19.764027 19.540693 19.335648 19.153919 18.999794 18.876711 18.787205 18.732845 18.714216 18.730923 18.781624 18.864071 18.975214 19.111282 19.267914 19.440294 19.623295 19.811626 20.000000 
20.000000 19.734968 19.484140 19.253862 19.049782 18.876709 18.738510 18.638023 18.577007 18.556122 18.574917 18.631878 18.724487 18.849310 19.002113 19.177998 19.371557 19.577038 19.788498 20.000000 
20.000000 19.713825 19.442999 19.194372 18.974043 18.787201 18.638020 18.529564 18.463726 18.441216 18.461540 18.523067 18.623070 18.757843 18.922812 19.112690 19.321638 19.543446 19.771702 20.000000 
20.000000 19.700974 19.417995 19.158228 18.928036 18.732841 18.577007 18.463726 18.394981 18.371502 18.392773 18.457083 18.561584 18.702400 18.874752 19.073116 19.291395 19.523098 19.761532 20.000000 
20.000000 19.696552 19.409401 19.145815 18.912254 18.714214 18.556122 18.441216 18.371500 18.347713 18.369335 18.434618 18.540670 18.683559 18.858435 19.059692 19.281143 19.516203 19.758087 20.000000 
20.000000 19.700474 19.417042 19.156879 18.926365 18.730923 18.574917 18.461540 18.392773 18.369335 18.390709 18.455168 18.559858 18.700893 18.873486 19.072104 19.290642 19.522602 19.761288 20.000000 
20.000000 19.712418 19.440296 19.190529 18.969234 18.781624 18.631878 18.523067 18.457081 18.434616 18.455168 18.517078 18.617601 18.753004 18.918690 19.109354 19.319126 19.541779 19.770878 20.000000 
20.000000 19.731857 19.478142 19.245277 19.038967 18.864071 18.724487 18.623070 18.561584 18.540670 18.559860 18.617601 18.711334 18.837576 18.992043 19.169783 19.365332 19.572880 19.786432 20.000000 
20.000000 19.758078 19.529179 19.319098 19.132980 18.975212 18.849308 18.757839 18.702398 18.683559 18.700893 18.753004 18.837576 18.951469 19.090815 19.251148 19.427540 19.614748 19.807369 20.000000 
20.000000 19.790188 19.591675 19.409487 19.248089 19.111282 19.002110 18.922808 18.874750 18.858433 18.873486 18.918692 18.992044 19.090816 19.211655 19.350685 19.503635 19.665962 19.832977 20.000000 
20.000000 19.827156 19.663624 19.513546 19.380600 19.267914 19.177998 19.112686 19.073114 19.059690 19.072105 19.109354 19.169785 19.251148 19.350685 19.465202 19.591183 19.724880 19.862438 20.000000 
20.000000 19.867847 19.742817 19.628078 19.526440 19.440292 19.371557 19.321636 19.291393 19.281141 19.290642 19.319128 19.365334 19.427540 19.503637 19.591183 19.687489 19.789692 19.894844 20.000000 
20.000000 19.911053 19.826900 19.749676 19.681271 19.623293 19.577036 19.543442 19.523094 19.516201 19.522602 19.541779 19.572878 19.614746 19.665960 19.724880 19.789692 19.858471 19.929235 20.000000 
20.000000 19.955521 19.913439 19.874821 19.840616 19.811626 19.788498 19.771702 19.761530 19.758087 19.761288 19.770880 19.786432 19.807369 19.832977 19.862438 19.894844 19.929234 19.964617 20.000000 
20.000000 20.000000 20.000000 20.000000 20.000000 20.000000 20.000000 20.000000 20.000000 20.000000 20.000000 20.000000 20.000000 20.000000 20.000000 20.000000 20.000000 20.000000 20.000000 20.000000 
