20.000000 20.000000 20.000000 20.000000 20.000000 20.000000 20.000000 20.000000 20.000000 20.000000 20.000000 20.000000 20.000000 20.000000 20.000000 20.000000 20.000000 20.000000 20.000000 20.000000 
20.000000 19.960903 19.923908 19.889956 19.859877 19.834383 19.814041 19.799269 19.790321 19.787287 19.790096 19.798527 19.812197 19.830601 19.853115 19.879017 19.907513 19.937756 19.968876 20.000000 
20.000000 19.923908 19.851910 19.785828 19.727293 19.677679 19.638096 19.609348 19.591938 19.586039 19.591515 19.607920 19.634525 19.670345 19.714161 19.764568 19.820021 19.878876 19.939434 20.000000 
20.000000 19.889954 19.785828 19.690266 19.605614 19.533869 19.476631 19.435066 19.409893 19.401369 19.409294 19.433023 19.471504 19.523306 19.586670 19.659561 19.739750 19.824852 19.912420 20.000000 
20.000000 19.859877 19.727291 19.605614 19.497831 19.406487 19.333612 19.280701 19.248659 19.237816 19.247913 19.278135 19.327137 19.393095 19.473770 19.566578 19.668671 19.777018 19.888500 20.000000 
20.000000 19.834383 19.677677 19.533869 19.406487 19.298534 19.212416 19.149891 19.112034 19.099230 19.111176 19.146904 19.204823 19.282778 19.378124 19.487804 19.608456 19.736494 19.868240 20.000000 
20.000000 19.814041 19.638096 19.476629 19.333612 19.212414 19.115736 19.045547 19.003059 18.988699 19.002125 19.042248 19.107285 19.194811 19.301857 19.424995 19.560444 19.704185 19.852085 20.000000 
20.000000 19.799269 19.609348 19.435064 19.280699 19.149891 19.045549 18.969803 18.923958 18.908472 18.922977 18.966297 19.036503 19.130980 19.246521 19.379423 19.525612 19.680748 19.840366 20.000000 
20.000000 19.790319 19.591938 19.409893 19.248657 19.112034 19.003059 18.923958 18.876087 18.859930 18.875095 18.920357 18.993694 19.092379 19.213058 19.351870 19.504553 19.666578 19.833282 20.000000 
20.000000 19.787287 19.586039 19.401371 19.237816 19.099232 18.988699 18.908474 18.859930 18.843555 18.858955 18.904881 18.979282 19.079390 19.201805 19.342607 19.497477 19.661819 19.830904 20.000000 
20.000000 19.790098 19.591515 19.409294 19.247915 19.111179 19.002125 18.922977 18.875095 18.858955 18.874165 18.919491 18.992912 19.091694 19.212481 19.351406 19.504206 19.666349 19.833170 20.000000 
20.000000 19.798527 19.607922 19.433025 19.278137 19.146906 19.042248 18.966297 18.920357 18.904881 18.919491 18.963005 19.033480 19.128292 19.244221 19.377552 19.524197 19.679804 19.839897 20.000000 
20.000000 19.812199 19.634529 19.471508 19.327139 19.204824 19.107285 19.036503 18.993694 18.979280 18.992912 19.033480 19.099174 19.187551 19.295605 19.419878 19.556553 19.701580 19.850788 20.000000 
20.000000 19.830601 19.670347 19.523308 19.393097 19.282780 19.194811 19.130980 19.092379 19.079390 19.091694 19.128290 19.187550 19.267263 19.364723 19.476805 19.600071 19.730867 19.865433 20.000000 
20.000000 19.853115 19.714163 19.586670 19.473770 19.378124 19.301857 19.246521 19.213058 19.201805 19.212482 19.244221 19.295605 19.364723 19.449223 19.546400 19.653273 19.766670 19.883335 20.000000 
20.000000 19.879017 19.764568 19.659561 19.566578 19.487804 19.424995 19.379423 19.351870 19.342607 19.351406 19.377552 19.419876 19.476805 19.546398 19.626434 19.714451 19.807842 19.903919 20.000000 
20.000000 19.907513 19.820023 19.739750 19.668671 19.608456 19.560444 19.525610 19.504553 19.497477 19.504206 19.524197 19.556553 19.600071 19.653271 19.714451 19.781731 19.853119 19.926559 20.000000 
20.000000 19.937756 19.878874 19.824852 19.777018 19.736494 19.704185 19.680746 19.666576 19.661818 19.666349 19.679806 19.701580 19.730869 19.766670 19.807842 19.853119 19.901157 19.950579 20.000000 
20.000000 19.968876 19.939432 19.912420 19.888500 19.868238 19.852085 19.840364 19.833282 19.830902 19.833170 19.839897 19.850788 19.865433 19.883335 19.903919 19.926559 19.950579 19.975288 20.000000 
20.000000 20.000000 20.000000 20.000000 20.000000 20.000000 20.000000 20.000000 20.000000 20.000000 20.000000 20.000000 20.000000 20.000000 20.000000 20.000000 20.000000 20.000000 20.000000 20.000000 
